0.0
11.0
39.0
132.0
415.0
784.0
877.0
1039.0
1165.0
1173.0
1780.0
1955.0
1979.0
2087.0
2246.0
2734.0
3128.0
3218.0
3548.0
3634.0
3759.0
3864.0
4318.0
4488.0
4654.0
4606.0
4579.0
4575.0
4671.0
4964.0
5405.0
5254.0
5572.0
6047.0
6763.0
7142.0
7570.0
7863.0
7996.0
8386.0
8702.0
8765.0
8758.0
8793.0
8816.0
8833.0
8874.0
8859.0
8861.0
8861.0
8881.0
8911.0
8985.0
9051.0
9071.0
9334.0
9535.0
9699.0
9786.0
9766.0
9904.0
10020.0
10134.0
10191.0
10360.0
10430.0
10464.0
10375.0
10497.0
10525.0
10563.0
10671.0
10741.0
10811.0
11049.0
11046.0
11249.0
11343.0
11389.0
11454.0
11490.0
11490.0
11497.0
11576.0
11643.0
11715.0
11737.0
11758.0
11748.0
11743.0
11757.0
11783.0
11779.0
11781.0
11818.0
11808.0
11823.0
11830.0
11823.0
11830.0