56.31353916642889
62.197160124776936
80.3302602943936
97.83910365988238
153.5959170679801
190.9589850287775
263.9404549522255
321.3495598672402
387.01024436025006
426.7595065478669
432.8516755855724
458.86233518905647
475.8039307972249
480.33842369662716
477.00049592537596
478.3196606264787
480.990822222443
482.75673138841717
482.79312070005756
499.27657061481966
504.8717306973366
492.4876247489313
516.1807120500351
517.136640161878
519.9140015243969
649.2203325350272
661.8965355213894
777.2418274778087
843.505215926164
942.1156099546588
949.2608819489666
950.0021406871429
952.7839541730125
953.1071244179523
947.6187114286688
945.86403991761
949.4737711540107
951.9381503836678
954.5771680145525
951.9710149770658
949.2390226236051
953.4563555603046
955.1655496875338
956.1069056798602
955.5101671163243
953.6270108304809
953.9003432121523
956.5746340010854
956.5311271553264
157.13655868346143
