1597.0
2170.0
3110.0
3267.0
3099.0
3352.0
3845.0
3462.0
3488.0
4364.0
3497.0
3604.0
4586.0
3883.0
3638.0
4772.0
3769.0
3852.0
4919.0
4196.0
5001.0
3881.0
5134.0
5143.0
5171.0
5170.0
3964.0
4030.0
5048.0
5297.0
4205.0
4176.0
5382.0
4172.0
5336.0
4540.0
5204.0
5453.0
4898.0
5549.0
5333.0
5513.0
5512.0
5526.0
5500.0
5565.0
5561.0
5642.0
5700.0
5735.0
5716.0
5648.0
5722.0
5776.0
5784.0
5853.0
5854.0
5888.0
5870.0
5925.0
5921.0
5923.0
5982.0
5975.0
5974.0
6023.0
6014.0
5906.0
5967.0
5980.0
5978.0
5962.0
6010.0
6025.0
5989.0
6055.0
5988.0
6010.0
5999.0
6003.0
6044.0
6082.0
5946.0
5984.0
6011.0
6034.0
6010.0
6011.0
5979.0
6054.0
6046.0
6047.0
6007.0
6021.0
6003.0
6021.0
6077.0
6102.0
6051.0
6038.0
6062.0
6078.0
6059.0
6079.0
6086.0
6106.0
6085.0
6164.0
6171.0
6109.0
6116.0
6230.0
6207.0
6148.0
6155.0
6136.0
6092.0
6101.0
6088.0
6084.0
6139.0
6108.0
6211.0
6151.0
6071.0
6064.0
6146.0
6097.0
6046.0
6087.0
6085.0
6140.0
6160.0
6123.0
6084.0
6116.0
6112.0
6178.0
6111.0
6135.0
6124.0
6212.0
6038.0
6127.0
6154.0
6071.0
6105.0
6053.0
6087.0
6080.0
6043.0
6062.0
6110.0
6100.0
6091.0
6128.0
6049.0
6130.0
6113.0
6123.0
6238.0
6126.0
6148.0
6122.0
6157.0
6197.0
6112.0
6117.0
6183.0
6137.0
6133.0
6117.0
6183.0
6158.0
6165.0
6113.0
6174.0
6181.0
6185.0
5757.0
6196.0
6108.0
6100.0
6204.0
6072.0
6158.0
6131.0
6134.0
6135.0
6115.0
6069.0
6127.0
6070.0
6189.0
6085.0
6177.0
6089.0
6109.0
6135.0
