1404.0
1307.0
1930.0
2931.0
2238.0
2721.0
4118.0
5120.0
5345.0
1231.0
3363.0
3656.0
5315.0
691.0
940.0
729.0
2519.0
2339.0
2480.0
3067.0
3603.0
5138.0
4584.0
1536.0
1561.0
3114.0
5375.0
2290.0
5012.0
2483.0
2232.0
3045.0
3425.0
627.0
4671.0
1930.0
3629.0
1905.0
3050.0
5099.0
5247.0
2308.0
3273.0
1834.0
3183.0
5108.0
2432.0
2263.0
4046.0
3548.0
674.0
1373.0
2425.0
3915.0
931.0
4365.0
1340.0
2163.0
3797.0
5196.0
1636.0
2228.0
2074.0
6079.0
3019.0
4031.0
5808.0
3375.0
3129.0
1482.0
2857.0
2757.0
5392.0
5546.0
4135.0
2004.0
5360.0
2367.0
3217.0
5490.0
6591.0
5005.0
5091.0
4840.0
1635.0
4984.0
2752.0
4210.0
1290.0
5228.0
5727.0
5254.0
4820.0
3536.0
758.0
1412.0
5806.0
7252.0
5131.0
5123.0
6188.0
6579.0
5108.0
1429.0
8223.0
5622.0
7380.0
5786.0
5883.0
5941.0
7636.0
6189.0
6697.0
2397.0
3342.0
7028.0
5977.0
9109.0
7817.0
4118.0
4714.0
6032.0
7695.0
6021.0
4986.0
5627.0
4050.0
7760.0
7869.0
8767.0
6429.0
7206.0
7431.0
9278.0
7756.0
7543.0
8925.0
7054.0
8964.0
8999.0
8286.0
8593.0
8512.0
8744.0
8299.0
10374.0
8182.0
7735.0
9616.0
8415.0
8302.0
8334.0
8487.0
8054.0
8778.0
9788.0
9543.0
9414.0
10364.0
11186.0
10390.0
10387.0
10435.0
8684.0
9716.0
11475.0
10215.0
9467.0
10490.0
9253.0
10325.0
9799.0
10475.0
10407.0
9387.0
9383.0
9722.0
10543.0
10675.0
11463.0
10279.0
10422.0
10081.0
10427.0
10437.0
11629.0
9507.0
9701.0
9651.0
9858.0
9642.0
10211.0
10523.0
10512.0
10532.0
11161.0
10436.0
11730.0
10528.0
