0.0
11.0
89.0
105.0
185.0
208.0
504.0
737.0
742.0
756.0
756.0
761.0
773.0
782.0
795.0
802.0
804.0
809.0
809.0
810.0
812.0
812.0
812.0
812.0
812.0
814.0
814.0
817.0
818.0
820.0
820.0
821.0
824.0
824.0
824.0
848.0
876.0
903.0
993.0
1073.0
1085.0
1089.0
1092.0
1102.0
1106.0
1110.0
1113.0
1113.0
1113.0
1140.0
1160.0
1165.0
1169.0
1178.0
1184.0
1187.0
1189.0
1189.0
1192.0
1192.0
1193.0
1195.0
1196.0
1196.0
1196.0
1197.0
1197.0
1197.0
1198.0
1198.0
1198.0
1198.0
1198.0
1198.0
1201.0
1201.0
1201.0
1201.0
1202.0
1202.0
1202.0
1202.0
1202.0
1203.0
1204.0
1204.0
1204.0
1204.0
1204.0
1204.0
1204.0
1204.0
1204.0
1204.0
1204.0
1204.0
1204.0
1204.0
1204.0
