2943.0
67.0
67.0
127.0
383.0
781.0
1602.0
2302.0
2990.0
0.0
348.0
51.0
102.0
102.0
218.0
515.0
679.0
765.0
826.0
946.0
1011.0
1410.0
1689.0
1809.0
2143.0
2224.0
2263.0
2303.0
2318.0
2340.0
2371.0
2390.0
2421.0
2472.0
2521.0
2545.0
2585.0
2586.0
2622.0
2639.0
2639.0
2650.0
2672.0
2672.0
2672.0
2672.0
2672.0
2672.0
2686.0
2698.0
2700.0
2710.0
2710.0
2710.0
2710.0
2813.0
2813.0
2813.0
2813.0
2822.0
2822.0
2822.0
2822.0
2822.0
2822.0
2572.0
2572.0
2572.0
2572.0
2572.0
2572.0
2572.0
2574.0
2574.0
2574.0
2574.0
2574.0
2576.0
2683.0
2683.0
2721.0
2721.0
2721.0
2722.0
2722.0
2722.0
2722.0
2722.0
2722.0
2778.0
2778.0
