1815.7513708670936
2318.1732235749564
2387.365810632706
2427.6032364765806
2601.1942617495856
2630.1421535015106
3425.9521754980083
3674.358766555786
3740.5014491081242
3772.1445411443715
3898.343035380046
3972.1255054473872
4119.452095190684
4110.684991439184
4161.895915706952
4245.719226717949
4211.04499566555
4194.224038600922
4276.4426411390305
4346.990668098131
4368.471900145212
4312.124825874965
4369.148552020391
4466.685594558716
4459.798253297806
4422.7409677108135
4439.172364910444
4575.238644997278
4519.833588441214
4558.472086747487
4544.664750059446
4549.811763604482
4569.219450473785
4623.120626727739
4707.30657807986
4732.463173548381
4713.850593765576
4747.428584098816
4820.963801145554
4806.3014761606855
4778.1051115989685
4771.906460762024
4878.047308683395
4782.19285595417
4747.264086008072
4783.1715389887495
4830.338316400846
4773.683678507805
4931.435592571895
4812.775889674823
4844.422423203786
4855.589245359103
4832.770200928052
4826.266607443492
4868.739711761475
4804.086332718532
4861.608306010565
4830.222530206044
4834.18990556399
4821.850835601489
4836.652666807176
4781.281819065412
4864.797864675522
4803.273612181346
4783.872589786847
4814.950889468193
4995.55790646871
4851.851776162783
4866.3528874715175
5019.80086795489
4802.359904050827
4871.705785989761
4891.89450319608
4776.398405353229
4819.169155518213
4926.04090555509
4977.319306691488
5003.496562242508
4916.32795035839
4847.266208966573
4856.719625751178
4847.3105306228
4887.404774506887
4887.718438069026
4946.126597205798
4920.679692427318
4853.759319186211
4977.380334059398
4976.186766703924
4974.138833920161
4870.172689040502
4898.831233898798
4924.785354216894
4978.77600979805
4861.9050045410795
4994.478482286135
4997.626161416372
4997.722078164419
4987.002148071924
4996.169722358385
5025.0
5093.96017853419
5065.918299992879
5095.265398780505
5080.598537206649
4994.12538210551
5033.791339159012
5176.290395577749
5088.419028441111
5082.777153134346
5097.123431841532
5154.711433490117
5036.078001181285
5074.975765347482
5008.044553240141
5036.402018348376
5119.621920744578
5030.376047213872
5079.117011348406
5070.152683178584
5146.895996967952
5133.929513295491
5171.590621670087
5040.076091368993
5117.323051015536
5093.321231842041
5150.938589016596
5160.549911975861
5149.777241349219
5150.005378842353
5126.16590154171
5127.827015240988
5152.918835083643
5197.680493275325
5166.108132878939
5144.6929748853045
5182.423658529917
5167.8058255513515
5148.561606884003
5189.643087863921
5170.713934501012
5188.0
5137.765793164571
5216.749132792155
5254.931249578794
5223.0
5179.772143363953
5186.137054443359
5168.204974492391
5134.61943658193
5167.641118685404
5150.46284866333
5057.401109774907
5146.317181150118
5190.192338387171
5125.801412502924
5191.882462819417
5231.53512942791
5194.834168195724
5184.786748727162
5156.751194238663
5148.072685877482
5124.016512314479
5199.57213751475
5191.0
5183.297389189402
5189.727128346762
5137.472947875659
5192.226307153702
5156.553006768227
