1347.0
1575.0
1895.0
2622.0
1801.0
3171.0
2771.0
2213.0
2936.0
3014.0
2250.0
3450.0
2634.0
3164.0
2671.0
3306.0
3380.0
3790.0
3112.0
4185.0
3981.0
4453.0
4452.0
3239.0
3938.0
4618.0
3405.0
4451.0
4614.0
4750.0
4369.0
4613.0
4859.0
4915.0
4905.0
5099.0
4440.0
4880.0
4840.0
4923.0
4609.0
4823.0
4736.0
4745.0
4867.0
4791.0
4801.0
4492.0
4817.0
4910.0
4635.0
4573.0
4507.0
5019.0
4606.0
4697.0
4896.0
4590.0
4769.0
4974.0
4905.0
4931.0
5075.0
5017.0
5256.0
5295.0
5297.0
5342.0
5391.0
5331.0
5419.0
5396.0
5323.0
5302.0
5393.0
5339.0
5455.0
5371.0
5360.0
5371.0
5471.0
5470.0
5471.0
5529.0
5486.0
5533.0
5480.0
5498.0
5505.0
5480.0
5530.0
5506.0
5487.0
5503.0
5418.0
5498.0
5500.0
5495.0
5517.0
5482.0
5529.0
5439.0
5469.0
5460.0
5545.0
5437.0
5456.0
5544.0
5445.0
5567.0
5469.0
5499.0
5468.0
5378.0
5514.0
5533.0
5523.0
5486.0
5411.0
5510.0
5421.0
5520.0
5471.0
5475.0
5513.0
5539.0
5530.0
5563.0
5505.0
5533.0
5526.0
5548.0
5514.0
5485.0
5549.0
5537.0
5543.0
5496.0
5406.0
5469.0
5488.0
5435.0
5483.0
5557.0
5596.0
5518.0
5418.0
5553.0
5488.0
5548.0
5499.0
5478.0
5530.0
5495.0
5546.0
5465.0
5444.0
5506.0
5561.0
5504.0
5553.0
5543.0
5496.0
5488.0
5543.0
5521.0
5530.0
5512.0
5512.0
5501.0
5482.0
5529.0
5559.0
5564.0
5543.0
5516.0
5526.0
5534.0
5551.0
5496.0
5543.0
5578.0
5417.0
5524.0
5495.0
5593.0
5537.0
5534.0
5493.0
5514.0
5480.0
5442.0
5544.0
5601.0
5502.0
5581.0
5494.0
5526.0
5568.0
