68.91493696296186
85.62978725560839
100.28663681880545
111.84760260120254
113.9956231963562
136.39106844871733
136.20557075121545
147.97943210028401
155.62798304850597
155.79134147400075
191.00875024058098
201.93344621303467
221.9026472669154
224.27118862872555
224.67959566441337
224.90786530957675
225.0292769778543
228.38845618827474
228.46913474767226
225.4045018671401
225.44732928787283
225.57780356319233
225.6186711410429
225.6038807595907
225.57412669090118
225.50565567103928
228.8181972879054
225.5960619278957
228.7733438665065
225.57476199891505
225.58666407984788
225.6122377221733
228.76508992286824
228.80559891810202
225.64034595183864
225.64622467431803
225.57295438017633
228.76766519861633
228.8409468274295
228.8319846116149
228.8688878161442
228.7816304474364
225.65936064946197
225.6227440600644
235.0897315376743
225.66878557273017
225.59245439082864
225.46857381331296
228.8230454978052
225.62844463067233
228.70176898880584
228.67476411777736
228.74746865905638
231.84688722588132
231.80636321401835
234.89068041023427
234.95071235621654
228.66593536279237
225.59546833715535
225.59729535090202
225.53908301483597
225.6580036146466
231.88544926393132
225.6020876214474
225.6685330959476
225.55145482893397
225.61025133428018
225.57862368107837
228.72951926092753
225.6248349932597
228.72883333138373
231.89173319778135
228.70657370801115
225.619177665594
225.63418771468042
225.60118313268282
225.5980006592793
225.6117932510738
225.6328537980494
228.70802075923282
225.64049696229807
228.78663713157997
228.7935838373323
225.66099388265513
228.77210443684433
225.6544444487926
228.6578437502026
225.59600733939183
225.65938427838486
228.78486431549067
231.97611351026487
228.83316859497097
238.3655777311058
235.1004765989957
235.0866030731118
225.6046640526331
238.20475570168855
231.88998297052166
238.22190969732264
232.01007297459176
228.7594700660737
228.70953737761886
228.78928447965848
231.9462004550395
228.88695469723456
231.94427346693686
225.57801357164936
228.730878262959
231.8982715106021
225.57103469066183
228.72241254557662
228.80427290091143
238.33462576928943
228.7835316972025
228.83496901420324
228.8048438419269
228.82706551108458
231.96990393522213
235.10063965862204
231.91593325907994
244.7223909207629
231.9001399732121
225.66128187981113
228.77483344665052
225.6132878908001
228.79952687185482
225.608569292862
228.86693980256996
235.11371746790235
231.88348261463398
228.78017163988403
231.98410774868898
228.76704221488808
231.9693970834403
231.9478685636377
225.5329443026616
225.64787360650703
225.66630620690145
225.61729004855823
225.60492643060462
238.25793449425174
228.79822208425904
241.45433350274115
225.56984932316243
225.62363101259098
235.11239863700075
235.05993783758979
228.80537546693662
225.68424117661402
225.64426810227803
228.85497129884095
228.86785882128817
225.60165319271496
228.82038701194483
228.8061888981568
238.37750299238851
225.64440966453168
228.88801170828987
228.84857315745907
225.66333141974744
225.64620657807353
225.66704464400638
228.85922337130992
225.61713663399235
228.7832233898426
238.36849348141197
225.63788061897066
228.84768640726617
228.88046119282507
238.3873186041081
257.8171093522178
283.2115025595244
410.7967232368082
412.90712549067706
419.5531472283815
446.569076485572
507.3509159686359
440.0722432929252
496.875450895477
530.7030942820797
530.9516803140027
522.4646967055395
528.7948956186633
437.67784288347565
524.4829531138246
476.1547901633028
483.1357057207638
538.0296044506408
477.97848634429766
439.5815631830054
441.16001104474003
450.0249078589357
444.63209140404854
450.217456408359
450.0445659290479
453.7954608282361
450.05092111133877
462.05276070948594
453.86042552845856
457.83797890805505
451.44406040175727
449.2100275865622
454.2592639854182
456.09887244030045
457.21903450744173
457.45137669383547
457.7619000195719
457.47832088406244
456.0779364704872
457.3393758324349
456.38467447332675
454.8965264077463
458.8560476704185
457.6847548313596
457.9807882868596
458.8407210660566
459.005427077275
458.48866358580716
456.3126709383385
459.98350739358835
458.92599962028527
462.5689490549798
482.48417171971226
460.55103376576966
459.6486557914903
468.7046265214629
456.40530361462703
464.480367672592
483.3604762463398
478.3819662515163
478.2036501303707
506.0553423527214
513.6350130674565
525.7048413584238
518.4489105847296
528.5426747439831
529.1936994309178
526.9511204692271
508.92620151432925
506.13204755041716
525.1826218611577
517.2921872055512
505.90525351368115
518.7159119483043
542.4645564465388
528.9183594055187
512.8647489386151
537.1099514506952
542.1667971292653
543.5185433429913
536.8146442274254
543.5221149345758
544.6332455266354
544.0767788116633
546.0205402936933
547.4970192166433
546.3432335638298
548.0078590399257
546.6267413466504
547.7238065305445
545.8796677538236
547.1989662758318
545.5551850620443
548.1984697315875
529.3353035936408
529.6346885062247
547.8631480931361
538.8149269174592
523.8920538113108
549.3417285200899
538.5874610406992
531.7193954352755
549.4683006195851
550.4868872139463
550.9691536103275
512.9402486138615
541.096599421874
550.9438821800472
544.6215235787338
541.4166384380478
547.686813644067
550.6473598355714
551.4785301522375
550.0971981329141
550.3994570113698
553.37308761012
552.8954134967167
555.0411030262704
555.067211493431
555.8005753798191
556.5469655534451
557.1019616233289
556.861881565086
557.0826329943638
557.1294860685175
622.7924973204549
590.2295401170986
589.947965720332
655.6279046979611
688.4656022847878
655.5236971184081
622.8236351461144
721.1700694119087
688.3773293127908
721.1396695661409
689.0175466847928
689.8571746057424
787.4954179966957
884.5021748793165
884.5847639621891
884.6502992331465
884.6378870750486
884.6720286884931
884.7935198149029
884.7083432877666
884.8126065999628
852.2901908362462
884.8245756617084
884.7837032957361
884.8480536026931
884.8412615261024
884.824652707357
884.8302767600593
884.8085430228218
884.712262948594
884.8409821511619
884.8940712060964
884.9042561053822
884.9164866615404
885.0105269799527
884.8367983428849
884.9031130933674
884.8778771056102
884.879507096951
884.8985523927031
884.8925819157439
884.8899843755191
884.8715058407146
884.9239309294452
884.9227818916055
884.8630001933491
884.971779996149
884.867538706924
884.9321367358045
884.8321082047001
884.8361667015904
884.8984438460246
884.9599797744706
884.764646982828
884.56881297934
884.824609206088
884.833397624366
884.8575704786583
884.9270211883726
884.9240783962299
884.8364272179787
884.8827172298558
887.9557887109453
884.92977740587
884.8283610575244
884.8160582859358
884.7887507669991
884.8603809568824
884.8302443882085
884.8126036171378
884.8515630033854
884.8173107400462
884.8544549382724
884.8392419861502
884.8976337848544
884.7967359789177
884.7571656604662
884.8860586536066
884.8764685559032
884.8601787203884
884.8411675902998
884.9344748549619
884.8130144025905
884.7999731988573
884.6707802805561
939.68793271621
957.5303202719895
884.8640631387824
895.1534768043106
950.4011517300436
917.8776820424021
1007.2109798484512
1029.4866994290512
1009.9151039714108
1178.8546297957332
1275.0674480616376
1318.1288814787422
1349.4899589760646
1376.9291850639675
1312.6203213885144
1370.8431524446983
1352.5892300897394
1353.3587860459565
1410.0292469666626
1300.4335366314479
1313.0931509570346
1327.9544101293052
1332.8652140262177
1348.6588579577856
1391.5947863311485
1372.8032954455841
1391.9380585379172
1362.7895755142445
1375.087096911315
1331.1563721237496
1356.5796310227313
1415.1303683774956
1380.6616255450454
1391.0588473192258
1385.670048493532
1450.4940916959476
1403.1170946989469
1416.826166282488
1490.5412476809686
1395.5161993740282
1501.961353990977
1462.8914939597505
1399.463505491128
1406.0959919694517
1470.5926466303558
1472.7742673003381
1428.4680593178848
1483.9917227523902
1462.7918440912133
1420.768170239512
1462.485695373827
1450.3431316390881
1442.9389695682432
1485.4872664287327
1476.35026702056
1452.6132642860646
1441.5789355938932
1447.4005200971415
1421.8198620852313
1405.9543295201133
1441.6326430123136
1386.0084549560274
1450.405917230123
1387.0204630721682
1475.6317670046683
1469.20052028826
1455.8294192254148
1468.494397855158
1470.928087348692
1472.1736306493603
1472.199435775767
1475.4148668284267
1485.1313229027392
1499.5130278121483
1492.4601639010593
1518.768064340596
1484.2042284404733
1503.574683808826
1513.8355808998692
1508.9210785977227
1486.070989416603
1511.1523078611958
1500.609176692743
1511.5768278542423
1456.6864695456984
1504.5621078209247
1508.5677641992684
1507.657114716553
1512.4855141331618
1456.50644236375
1511.9312857113712
1513.458053521859
1514.2973349879767
1514.5895053570453
1519.1499822928554
1517.4954173306073
1514.2707693823977
1517.2950095342176
1515.7697950174697
1521.2613237633238
1517.9011337209224
1517.180237126078
1522.4196022533686
1519.958931767643
1514.200201026574
1515.5695654714186
1518.5827432232409
1519.3359868356888
1519.6599948870685
1521.0541408223007
1529.4338500884521
1522.1193151595535
1524.8239823238962
1522.1445706680656
1523.5525878418787
1529.450636989935
1526.9355451729673
1519.3930579487974
1520.427430409144
1524.1098795326911
1521.0860074427694
1527.3642391151252
1525.3766847500353
1522.1927338884789
1527.573137841523
1522.7726998842543
1522.3366921671602
1525.1637213704948
1529.1585383963586
1523.537501710642
1503.9748868977722
1512.8071000279122
1519.450988259371
1527.7634412664343
1525.7977271402306
1524.4732622392646
1529.347644166775
1532.5511946075442
1534.0431771195595
1535.0680602412128
1535.092325454227
1530.0937406003711
1533.6816923159477
1535.5643622711918
1535.340906109087
1546.404399553654
1534.7741329020748
1534.0573960487013
1535.3899636543624
1530.3998841146279
1531.0153329501386
1534.1607476289219
1534.242030402481
1531.6575397302627
1531.8608372888436
1527.4167699669154
1532.819974115332
1530.784869193317
1533.6485999012025
1533.2092219491556
1534.53886646282
1514.3130226713852
1523.2124930837595
1543.8303046705985
1500.0656975155143
1527.1311176234196
1524.3576159483835
1524.1403819387695
1533.310998433893
1535.2753603536946
1552.2449502548122
1535.5199657303945
1534.1626161814145
1534.9586453738907
1534.9390909702092
1534.5627506721091
1534.495156161383
1534.349608757114
1534.6910301043813
1552.37060075431
1551.1807920686838
1528.4599524113971
1533.7417801048525
1532.2877847392274
1533.2123887070782
1535.0849602057865
1533.1603385521491
1535.1071624199813
1533.472975703798
1532.7379187808099
1534.5622202476427
1551.8034388082333
1570.3490354022429
1535.1046879866115
1552.8511563366835
