81.50690725949076
344.66666666666663
487.00000000000006
674.8888888888889
371.1111111111111
620.6666666666665
607.7777777777777
613.1111111111112
809.7777777777778
840.2222222222222
595.6666666666666
830.2222222222222
841.8888888888889
854.6666666666666
715.1111111111111
879.7777777777778
868.2222222222222
952.5555555555555
882.1111111111111
1000.6666666666666
1013.8888888888889
1081.111111111111
981.111111111111
927.5555555555557
1145.6666666666667
972.7777777777777
916.3333333333335
993.6666666666666
1178.8888888888887
927.8888888888889
1009.3333333333334
1130.0
987.4444444444446
957.0
1187.7777777777778
1002.6666666666666
1066.7777777777778
955.5555555555555
960.4444444444445
993.7777777777777
1138.8888888888891
1176.4444444444443
1173.2222222222224
1175.5555555555557
1004.1111111111111
1090.888888888889
1162.4444444444446
964.0
1066.111111111111
1075.7777777777776
1131.7777777777776
1185.7777777777778
1172.2222222222222
1189.6666666666665
1034.2222222222224
1187.3333333333333
1174.3333333333333
1193.888888888889
1186.888888888889
1190.4444444444446
1057.0
1065.0
1038.6666666666667
1074.0
1183.666666666667
1064.0
1188.8888888888887
1030.5555555555557
1183.6666666666667
1042.2222222222222
1117.111111111111
1058.5555555555554
1147.4444444444443
1058.2222222222224
1155.8888888888887
1049.2222222222222
1051.7777777777778
1191.222222222222
1140.2222222222224
1061.6666666666665
1165.7777777777776
1164.4444444444443
1075.5555555555557
1118.4444444444443
1188.888888888889
1035.0
1124.5555555555554
1170.5555555555554
1174.5555555555559
1171.888888888889
1114.4444444444446
1191.888888888889
1186.6666666666667
1065.888888888889
1182.7777777777778
1192.3333333333335
1175.111111111111
1199.4444444444443
1180.2222222222222
1018.2222222222224
985.1111111111112
1133.4444444444443
1037.4444444444446
1212.3333333333335
1206.7777777777778
1190.6666666666665
961.8888888888889
1199.2222222222222
1024.0
1169.2222222222222
1171.6666666666667
1187.3333333333333
1177.6666666666667
966.3333333333334
1091.111111111111
1196.0
1187.111111111111
1002.5555555555555
1199.2222222222222
1186.111111111111
1191.1111111111113
1104.2222222222222
1185.2222222222222
1184.7777777777778
1177.3333333333333
1193.4444444444443
1193.3333333333333
1193.888888888889
1052.1111111111113
1194.6666666666667
1206.4444444444446
1008.3333333333333
1173.888888888889
1194.888888888889
1141.3333333333335
1075.4444444444443
1198.8888888888891
1199.6666666666667
1183.3333333333335
1197.2222222222224
1199.9999999999998
1178.4444444444443
1188.2222222222222
1140.3333333333333
1200.0000000000002
1188.2222222222222
1195.888888888889
1194.6666666666667
1182.0
1185.7777777777776
1184.3333333333333
1195.7777777777776
1195.2222222222222
1197.0
1190.7777777777778
1192.888888888889
1194.4444444444446
1207.666666666667
1120.7777777777776
1132.6666666666667
1192.2222222222224
1200.9999999999998
1182.888888888889
1199.7777777777778
1185.888888888889
1086.5555555555554
1198.3333333333333
1198.4444444444446
1198.6666666666667
1200.3333333333333
1202.6666666666667
1214.3333333333333
1202.0000000000002
1205.2222222222224
1211.2222222222222
1214.111111111111
1210.6666666666665
1206.4444444444446
1194.3333333333335
1194.8888888888887
1186.2222222222222
1205.2222222222224
1203.7777777777778
1205.5555555555554
1202.9999999999998
1214.4444444444443
1211.7777777777778
1210.0
1215.2222222222224
1213.8888888888887
1205.2222222222224
1214.7777777777778
1209.3333333333333
1224.1111111111113
1226.0
1209.6666666666665
1216.5555555555557
1215.888888888889
1210.3333333333333
1216.2222222222222
