1363.0
1730.0
1727.0
879.0
1223.0
2852.0
1641.0
1791.0
3977.0
2385.0
1685.0
1170.0
2010.0
3994.0
2486.0
3286.0
3764.0
4099.0
4766.0
3739.0
4311.0
4980.0
4636.0
2122.0
4743.0
3094.0
5688.0
6435.0
5721.0
6987.0
6468.0
6958.0
7904.0
7356.0
7085.0
6556.0
6380.0
7886.0
9150.0
8593.0
9831.0
7989.0
8652.0
9354.0
9378.0
9786.0
10159.0
10611.0
9786.0
10261.0
9170.0
9479.0
10003.0
9907.0
10302.0
10852.0
9899.0
10759.0
11454.0
11374.0
10823.0
10455.0
11500.0
12041.0
11032.0
12036.0
11174.0
10940.0
11190.0
12101.0
11177.0
12212.0
11325.0
11912.0
12149.0
11197.0
11602.0
11427.0
12396.0
11597.0
10808.0
12301.0
12176.0
12320.0
11432.0
12219.0
13007.0
12421.0
11412.0
11418.0
12483.0
11614.0
12434.0
11461.0
11722.0
11409.0
9430.0
12375.0
13152.0
11629.0
11508.0
11533.0
12048.0
12427.0
12345.0
12355.0
12524.0
12516.0
12631.0
11522.0
12559.0
12511.0
12741.0
12673.0
13141.0
11722.0
12100.0
12197.0
12340.0
11465.0
12442.0
12478.0
12833.0
11970.0
11558.0
13277.0
11749.0
12244.0
12412.0
13396.0
12518.0
12438.0
12469.0
12729.0
12427.0
13399.0
12402.0
12262.0
11499.0
12489.0
11543.0
12316.0
12429.0
13024.0
11491.0
12558.0
12966.0
11634.0
12035.0
12504.0
12570.0
12608.0
11533.0
6829.0
11574.0
12518.0
12258.0
12409.0
12407.0
13087.0
12422.0
9685.0
11537.0
12461.0
13507.0
12564.0
12833.0
12870.0
12220.0
12788.0
12550.0
12139.0
13071.0
11973.0
13564.0
12501.0
12644.0
13562.0
12710.0
12658.0
12591.0
12685.0
12505.0
11569.0
12309.0
12609.0
12542.0
13566.0
12586.0
12446.0
9082.0
11529.0
11459.0
12114.0
11942.0
12208.0
11726.0
11317.0
12001.0
