586.1305386369878
816.1085505485535
973.661386749961
1265.4940939166327
1332.5640612515535
1682.1497849984603
1782.0
1852.0
1880.9179068045182
2172.5695509910583
2403.540335568515
2725.2571260278874
3234.6968215162105
3408.728592525829
3907.714959187941
4055.7562791650944
4206.069943948226
4264.018353332173
4204.13709822568
4389.341125098142
4510.7750987139625
4552.090234019539
4443.506639827381
4534.107054970481
4709.969924796711
4664.709213256835
4678.275774522262
4853.752179405906
4817.687114715577
4934.571158625861
5184.9388543909245
5304.200746189465
5359.160928119313
5343.421730561689
5415.5953530831775
5330.222741343758
5409.878887263211
5275.143993464382
5232.247172659093
5304.028365005147
5453.328466502104
5379.84892689098
5422.533383239399
5465.906265172092
5344.013796719637
5420.8170741254635
5484.048975380983
5515.883051178673
5369.178153384815
5376.616922768679
5424.198899615895
5616.195048375564
5546.0919542746105
5632.252880746668
5492.344257181341
5493.904943119396
5580.837936531414
5634.706822655418
5576.723002607173
5601.1401349847965
5598.78020880439
5640.000064459714
5488.387290477753
5542.267861019482
5595.268444668163
5512.990542195061
5647.659734379162
5608.13309760527
5664.496311968023
5586.703378070485
5533.7844886779785
5536.553713755174
5506.23765524951
5565.908280285921
5438.011987729506
5550.994559634815
5595.699959754944
5650.505715933714
5398.940045963634
5535.483847531405
5595.5589111935005
5696.640139016238
5663.877068692987
5617.041493805971
5662.646172263407
5456.890206467022
5607.238852804357
5589.80375103517
5501.978553685274
5605.059606812217
5485.193455999548
5573.60751620206
5672.691355098376
5557.36465475776
