354.6666666666667
395.0
-18.0
1617.0
1574.0
1884.0
2266.0
3350.0
2214.0
2047.0
2912.0
3181.0
4285.0
4300.0
4377.0
4815.0
3051.0
4690.0
4772.0
3008.0
4857.0
3083.0
3020.0
3077.0
4353.0
3084.0
3177.0
3154.0
3106.0
3110.0
3128.0
4524.0
4529.0
2954.0
4784.0
4720.0
4482.0
4844.0
4322.0
4711.0
4713.0
4495.0
3060.0
4747.0
2859.0
3018.0
2713.0
2862.0
4749.0
4255.0
4824.0
4839.0
4834.0
3227.0
2786.0
4528.0
3047.0
3189.0
3021.0
3143.0
4818.0
4556.0
3157.0
4783.0
3177.0
3031.0
4647.0
4660.0
2890.0
4805.0
3057.0
4332.0
4766.0
4716.0
3003.0
5042.0
4710.0
3796.0
3328.0
3951.0
4469.0
4933.0
4806.0
5133.0
4828.0
4438.0
4855.0
4907.0
4618.0
4654.0
4671.0
3695.0
4230.0
4429.0
4260.0
4821.0
4754.0
4784.0
4335.0
4750.0
4610.0
5014.0
4116.0
4602.0
4766.0
5123.0
5089.0
4976.0
4529.0
4572.0
4918.0
4293.0
4260.0
4632.0
4793.0
4505.0
4824.0
4819.0
3939.0
4834.0
4959.0
4939.0
3902.0
5017.0
3700.0
4913.0
4539.0
4965.0
4860.0
4677.0
4028.0
3416.0
4853.0
4835.0
3217.0
4862.0
3147.0
2886.0
3061.0
3292.0
2915.0
4853.0
4955.0
3105.0
4550.0
2924.0
3133.0
3291.0
4608.0
4637.0
4202.0
4838.0
3441.0
3838.0
4728.0
4840.0
4973.0
4714.0
5069.0
3551.0
4852.0
3553.0
4985.0
5316.0
5046.0
5409.0
5371.0
5143.0
4564.0
5081.0
5439.0
5240.0
5462.0
5276.0
4948.0
5330.0
5364.0
5366.0
5285.0
5290.0
5377.0
5423.0
4720.0
5393.0
4878.0
4861.0
4839.0
4940.0
5205.0
5210.0
5279.0
5384.0
5455.0
5265.0
5345.0
5438.0
5373.0
5488.0
4156.0
5081.0
5239.0
5248.0
