43.0
122.0
171.0
193.0
349.0
612.0
801.0
855.0
1069.0
1176.0
1351.0
1684.0
1706.0
1707.0
1708.0
1709.0
1709.0
1712.0
1715.0
1715.0
1716.0
1718.0
1726.0
1727.0
1729.0
1729.0
1730.0
1730.0
1730.0
1733.0
1739.0
1739.0
1747.0
1757.0
1762.0
1778.0
1781.0
1788.0
1790.0
1800.0
1866.0
1935.0
2131.0
2322.0
2393.0
2467.0
2469.0
2471.0
2474.0
2481.0
2488.0
2491.0
2497.0
2506.0
2506.0
2506.0
2508.0
2508.0
2508.0
2510.0
2510.0
2510.0
2515.0
2515.0
2517.0
2517.0
2520.0
2521.0
2523.0
2523.0
2523.0
2523.0
2523.0
2523.0
2523.0
2523.0
2523.0
2523.0
2532.0
2532.0
2532.0
2544.0
2554.0
2565.0
