56.6888316788006
56.13906965956514
60.836392330113696
109.3420134853909
136.37256184905425
218.74110263637942
301.31555502676696
402.87943296033257
404.1980104331752
409.46751008499734
457.03958841774994
546.3140322571478
546.0289169173377
493.5827407676907
54.830756150004504
92.92672812908853
93.56773876138843
141.2815944564416
146.76049007639244
208.5088663543062
280.36633445653155
368.7852816546099
334.62483571086324
473.61252807270495
673.6642828692738
702.4510782715341
874.1710914865298
978.9599669097727
1014.6648032809908
970.5634180319475
999.1917569396559
1031.9417508276058
988.8767841377315
1064.1413880328826
1171.194781192582
1013.4984226044285
1083.124386669311
1106.0026503529346
1194.37015521205
1212.7440440185921
1424.2200025696843
1460.7699575162394
1630.200691741837
1682.9237216411605
1356.4670281884285
1592.1924660497655
1554.1315121051034
1543.3828776778948
1490.0617170363896
1461.6367681365743
1500.5371925638121
1628.6291808279263
1752.5926079207866
1696.9774837118396
1541.0955524550075
1749.1702450051332
1765.1489249588
1678.155129523666
1601.1686802527113
1690.6342878730595
1591.2471364021685
1756.8954651718125
1771.1284172348378
1788.7124569047064
1739.3350485918318
1798.8737022869075
1788.7389269307594
1748.698454977074
1704.010067811214
1685.8383405173429
1817.3701939244597
1763.9853992538044
1837.9228826378717
1792.0913203466507
1812.0164668728664
1828.4026314210062
1647.8849762801487
1788.7944949721941
1788.6901101874937
1780.4476454815745
1789.1075065367668
1867.315837429125
1799.7253675267082
1701.0399633423865
1696.684279293703
1722.4513361586173
1705.6515838543341
1532.863779062328
1753.2971607063537
1622.4302715072527
1643.6919064207254
1788.7909639024053
1657.8916346226176
1788.9079826290442
1551.5697451050783
1184.2215816583098
1413.7787491076904
1476.854476595365
1488.5341095228248
1329.6234852371413
1658.3383288843208
1788.9157308433419
1788.6987171012195
1788.756970275164
1788.675624106622
