1743.050982673963
2338.3509328365326
2410.866473118464
2459.454322695732
1986.7667930523555
2244.05300005277
2341.085399786631
2417.368955214818
2493.482204635938
2534.495760838191
2619.3316588401794
1780.5674058596294
2290.7469073931375
2322.762417236964
2370.065481901169
2432.2141528129578
2728.844204624494
2598.0
2640.475539127986
2675.9286409219103
2901.9003559748335
3285.269329627355
3787.724715193113
3853.5767973661423
3922.6865903536477
3969.5268699328108
4039.0374771753945
4088.1525762081146
4116.643495559692
4170.310220797857
1794.6967652638752
2221.742397228877
2263.8390575647354
2335.30034216245
2470.0
2727.0294295549393
3146.5478479862213
3538.0931230783463
3664.911691506704
1422.6640867789588
2195.0922499895096
2318.5001479784646
2403.6576993465424
2493.358189900716
2672.0
2629.334000349045
2687.1332649389906
3685.0
3769.0
3836.258373975754
3917.0
3976.0
3987.186588128408
3988.296261231105
4000.777274131775
3987.4203876654306
3997.044944445292
3999.150047302246
3995.555203596751
3999.8730613390603
3999.0
3996.407135804494
4002.9380070368447
4015.8748178482056
4010.672336181005
4029.8182162046432
4021.711129426956
4045.5438281695046
4096.807827472687
4217.199306527774
4259.83004462719
4361.218680739403
4448.20233297348
4514.396688977877
4475.0
4488.698604901632
4501.9455946286525
4553.822057088217
4540.711127916972
4572.407257954279
4563.573196729024
4572.680840810141
4595.512899160385
4569.0
4612.616097211838
4576.0
4550.1149659951525
4575.0
4579.38856045405
4603.0
4580.484352588654
4573.962376356125
4591.0
4584.178942203522
4580.921156485876
4600.7501927216845
4606.0
4627.0
4611.0
4602.9967931906385
4591.474593957266
4591.735771417618
4558.456760962804
4573.0
4618.99706029892
4593.962122519812
4581.70500087738
4599.589636365573
4611.890558719635
4606.5552374521885
4640.565056562424
4610.0
4627.348534107208
4627.0
4630.085671901703
4612.566477855046
4620.0
4604.244842767715
4608.286518653234
4610.370544036229
4600.035633007686
4618.541661262511
4615.123081922531
4528.105276107788
4600.699652989706
4593.423297007879
4629.47747071584
4638.862455685934
4638.0
4630.0
4629.0
4642.0
4656.0
4667.436855634054
4638.0
4627.976458311081
4639.003468354544
4623.391320387523
