2.0
0.0
0.0
0.0
0.0
0.0
0.0
1.0
1.0
0.0
2.0
0.0
3.0
3.0
4.0
10.0
11.0
20.0
36.0
76.0
72.0
97.0
161.0
173.0
207.0
291.0
305.0
300.0
284.0
145.0
151.0
135.0
133.0
136.0
106.0
156.0
131.0
128.0
205.0
204.0
179.0
176.0
167.0
142.0
138.0
0.0
0.0
0.0
16.0
16.0
6.0
26.0
2.0
2.0
4.0
8.0
3.0
19.0
87.0
139.0
268.0
411.0
451.0
579.0
583.0
724.0
747.0
776.0
576.0
929.0
957.0
772.0
930.0
923.0
1016.0
0.0
0.0
0.0
2.0
2.0
14.0
46.0
47.0
64.0
189.0
232.0
219.0
296.0
320.0
351.0
487.0
392.0
423.0
355.0
417.0
270.0
361.0
376.0
331.0
327.0
323.0
301.0
284.0
348.0
290.0
174.0
226.0
181.0
158.0
97.0
165.0
128.0
97.0
106.0
126.0
172.0
79.0
98.0
164.0
284.0
565.0
563.0
573.0
467.0
425.0
379.0
355.0
310.0
361.0
359.0
338.0
303.0
241.0
286.0
252.0
343.0
351.0
418.0
282.0
256.0
317.0
309.0
369.0
235.0
197.0
250.0
197.0
298.0
175.0
214.0
139.0
177.0
178.0
251.0
261.0
207.0
220.0
211.0
194.0
121.0
194.0
151.0
111.0
94.0
99.0
99.0
121.0
99.0
115.0
103.0
101.0
108.0
83.0
62.0
91.0
99.0
52.0
53.0
63.0
69.0
58.0
