109.0
31.0
42.0
42.0
64.0
113.0
214.0
188.0
228.0
280.0
319.0
487.0
500.0
481.0
486.0
570.0
590.0
563.0
574.0
662.0
675.0
744.0
874.0
1062.0
1107.0
1158.0
1189.0
1207.0
1210.0
1229.0
1256.0
1263.0
1280.0
1287.0
1304.0
1317.0
1332.0
1339.0
1325.0
1325.0
1325.0
1333.0
1339.0
1339.0
1339.0
1339.0
1339.0
1339.0
1339.0
1339.0
1364.0
1364.0
1365.0
1374.0
1374.0
1374.0
1374.0
1374.0
1374.0
1374.0
1374.0
1374.0
1374.0
1374.0
1374.0
1375.0
1375.0
1375.0
1375.0
1375.0
1405.0
1405.0
1405.0
1409.0
1409.0
1409.0
1409.0
1409.0
1409.0
1409.0
1411.0
1411.0
1411.0
1411.0
1423.0
1425.0
1425.0
1425.0
1425.0
