76.10685198309122
93.53069339853322
171.29973857897266
207.21552693432716
209.738158980407
243.93924479708133
277.4119598270327
352.66679386808414
412.7297810289963
427.0121675838849
479.9208375090421
515.976635744963
752.6077201474168
916.2115925695792
914.0984598329587
1026.6865644064792
1067.5314241375395
1068.3244700577575
1068.545582452885
1068.758178383468
1069.2787073473435
1069.822049874
1070.1061792301755
1070.8264863157121
1075.477472667924
1077.8806248122162
1081.185726415263
1082.4566707128465
1085.9479840523843
1090.0227456510909
1090.7355292888412
1090.8408695649061
1090.810136624118
1091.0717135478162
1091.1049845148257
1090.9967596266717
1091.038227302252
1091.084359755175
1091.0709146381218
1091.1592376936192
1091.102123626052
1091.0776408723102
1091.0674590426377
1091.124275271386
1091.1122766753147
1091.1884915225937
1091.185979948813
1091.1027012969028
1091.2170835092759
1136.2076204089522
1091.197686097057
1091.2043596755648
1091.148560277801
1091.2348986661134
1091.2040283654633
1091.2596999735208
1091.2498080489815
1091.1621604147879
1091.2676739821493
1091.2282827078857
1091.1862843853091
1091.2484679283084
1091.2337933049944
1091.2524237065397
1091.277176359024
1091.2540990544019
1091.331160069412
1091.3976576041505
1091.3444274130145
1091.265459636317
1091.3042000857545
1091.3137014267081
