0.0
-436.0
-296.0
-598.0
-600.0
-331.0
-700.0
-597.0
-800.0
-600.0
-549.0
-500.0
-595.0
-887.0
-644.0
-549.0
-588.0
-693.0
-948.0
-900.0
-797.0
-689.0
-800.0
-800.0
-649.0
-742.0
-800.0
-46.0
-139.0
-544.0
-549.0
-100.0
-400.0
-800.0
-482.0
-196.0
-248.0
-441.0
-494.0
-632.0
-696.0
-748.0
-648.0
-647.0
-600.0
-697.0
-700.0
-900.0
-523.0
-500.0
-1000.0
0.0
53.0
105.0
105.0
105.0
166.0
0.0
155.0
155.0
155.0
261.0
364.0
536.0
600.0
640.0
671.0
757.0
767.0
831.0
866.0
886.0
902.0
960.0
978.0
1001.0
1066.0
1123.0
1177.0
1213.0
1276.0
1315.0
1360.0
1377.0
1427.0
1476.0
1487.0
1508.0
1533.0
1561.0
1576.0
1589.0
1607.0
1639.0
1676.0
1708.0
1715.0
1737.0
1744.0
1746.0
1747.0
1747.0
1750.0
1757.0
1757.0
1757.0
1761.0
1761.0
