1289.0
1356.0
1758.0
2269.0
2534.0
2228.0
3363.0
2706.0
4052.0
4561.0
3785.0
4575.0
3952.0
1770.0
5103.0
5132.0
5819.0
5441.0
5379.0
5004.0
5872.0
4982.0
5901.0
4560.0
3890.0
2071.0
2736.0
2006.0
5715.0
4825.0
5186.0
4732.0
5758.0
2553.0
4634.0
2620.0
3455.0
4872.0
5966.0
1459.0
5443.0
5857.0
4512.0
6171.0
5769.0
6113.0
1445.0
5589.0
6116.0
7964.0
4085.0
7501.0
7387.0
7830.0
7813.0
7981.0
7835.0
1790.0
4142.0
7433.0
9274.0
6002.0
8611.0
8587.0
1519.0
6834.0
3561.0
6936.0
7981.0
7335.0
8099.0
8335.0
8358.0
8115.0
8895.0
9022.0
9138.0
3727.0
8080.0
9534.0
8546.0
9528.0
7940.0
9817.0
6893.0
7370.0
6655.0
2726.0
1640.0
7241.0
8950.0
2046.0
8456.0
10327.0
8952.0
8418.0
7285.0
8487.0
9263.0
8851.0
9133.0
8669.0
9494.0
10456.0
10517.0
10292.0
1493.0
10168.0
10128.0
9543.0
6811.0
5442.0
8390.0
9773.0
8848.0
9269.0
