1366.4824837446213
1868.8548882404964
2119.565138220787
2155.534167130788
2158.8203178246813
2179.467797676722
2179.9785192807512
2183.828797340393
2182.7243660291037
2189.963494936625
2187.5247670014696
2190.0
2189.985864559809
2186.0
2188.0230782826743
2187.352501630783
2190.0
2190.0
2191.4827167193093
2191.0
2192.568039973577
2193.9653783639274
2194.7502014636993
2184.136879841487
2191.0
2191.91525944074
2190.0
2190.8244096438093
2190.0
2190.510684410731
2194.0
2193.0
2196.0
2196.1852304935455
2192.8649963537855
2192.2830622196198
2191.9493284225464
2191.52441906929
2196.6329085032144
2200.0026185512543
2197.5821219285326
2200.8349920908613
2193.0
2192.0
2199.9311083157854
2202.2548542817435
2204.7085229555764
2205.2174150149026
2204.330344597499
2205.506336212158
2205.0
2204.189016024272
2203.1334652900696
2206.2627171675367
2204.065487384796
2208.924941221873
2208.218482573827
2210.0
2208.0
2328.8190516233444
2326.7911534309387
2323.89469786485
2344.0048735936484
2333.5617514053984
2209.0
2506.0834834575653
2338.911533355713
2739.7603989442187
2317.948383371035
2208.3473358949022
2338.2340362866717
2535.277240117391
2616.4636835257215
2702.492272853852
3366.0771157741547
3547.0182970762253
3604.522556424141
3666.14467048645
3610.107678572337
3630.6900449593863
3556.2826084693274
3577.263059695562
3609.6958983341856
3770.570271889369
3943.7396237452826
3885.5399227539697
3795.179141402245
4032.6195500294366
3918.414689779282
3923.3056452671685
3967.092204809189
4020.3388425509133
4032.587674975395
3971.2332148551945
4060.579636136691
4075.4521396160126
4072.1117216348644
4111.093870401382
4095.2306407292685
