49.11199951171875
65.98713684082031
105.26259231567383
121.94523239135742
140.4584846496582
213.78937149047852
256.53155517578125
346.95154571533203
355.56517791748047
314.7067527770996
334.5592956542969
368.13655853271484
348.59865951538086
392.38774490356445
371.39086532592773
369.1603698730469
358.9283790588379
378.35706329345703
391.436824798584
379.340145111084
393.9872283935547
417.07115173339844
397.2916488647461
407.1397819519043
405.4928684234619
397.1210060119629
397.02770233154297
394.1332473754883
396.98728942871094
406.9816646575928
397.24819564819336
397.4169387817383
397.46612548828125
436.06714248657227
397.7650566101074
397.87773513793945
397.8827323913574
397.91634368896484
397.90007400512695
398.01366424560547
397.9945373535156
397.9020881652832
397.9055366516113
417.9637336730957
397.9824905395508
397.9379425048828
397.98631286621094
397.9574432373047
397.9420967102051
397.864501953125
397.9056739807129
396.57532119750977
397.90892028808594
397.9070625305176
397.9515075683594
397.87610626220703
397.93449783325195
407.8041458129883
397.9223289489746
397.88565826416016
397.9268798828125
398.0046844482422
397.9359245300293
397.97773361206055
397.91881561279297
398.00781631469727
397.9450263977051
397.99648666381836
397.9813652038574
398.0160255432129
397.9667053222656
397.94386291503906
418.06959533691406
397.9854049682617
397.93930435180664
407.9114761352539
418.0462398529053
407.89202880859375
407.9504585266113
417.7826328277588
447.6622066497803
477.7126979827881
417.73591804504395
437.6729316711426
397.88927459716797
417.8058776855469
397.9198875427246
397.9269371032715
407.7696418762207
397.73219299316406
437.7278690338135
457.74491691589355
487.53804206848145
467.72027015686035
507.7091612815857
467.4825839996338
523.1730575561523
437.826114654541
437.94601821899414
457.7419662475586
477.5975704193115
437.8097858428955
427.81739807128906
507.58906745910645
586.3931860923767
646.9846558570862
608.0450339317322
608.4879503250122
683.24445104599
608.324541091919
597.5180492401123
597.5473670959473
597.5347366333008
597.9017868041992
618.9585573673248
647.6811678409576
681.0535037517548
708.6151390075684
774.6229902505875
836.9567093849182
986.9543933868408
936.1130871772766
955.181161403656
1060.8965272903442
1065.7638607025146
1020.1553525924683
1033.288911819458
1130.4526824951172
1122.360954284668
1102.0916690826416
1149.4209022521973
1173.9322395324707
1206.6571769714355
1195.64497756958
1195.102825164795
1194.753562927246
1193.3667640686035
1195.450740814209
1196.5111846923828
1216.164047241211
1196.6017150878906
1196.5812873840332
1196.6346282958984
1196.7019233703613
1196.6972579956055
1196.7905502319336
1196.7443008422852
1196.7502517700195
1196.7123641967773
1196.911033630371
1196.7372207641602
1196.6941223144531
1196.3126792907715
1196.3627433776855
1196.7068672180176
1235.427562713623
1215.979965209961
1253.9936561584473
1228.230125427246
1196.7003746032715
1196.791976928711
1196.9541358947754
1196.9729461669922
1197.071231842041
1196.944320678711
1197.0212516784668
1197.0367317199707
1197.1422309875488
1197.2540245056152
1196.7586402893066
1196.7793159484863
1196.9175109863281
1197.010425567627
1196.9074172973633
1197.0592002868652
1197.013328552246
1196.8903045654297
1196.9314346313477
1196.9154510498047
1197.0188522338867
1196.8736686706543
1197.087905883789
1196.9524536132812
1197.0225715637207
1196.9490127563477
1197.1403465270996
1197.1330795288086
1196.9780197143555
1197.178352355957
1197.2906379699707
1197.0883140563965
1197.030860900879
1228.330909729004
1196.9622230529785
1196.9096298217773
1197.8240776062012
1227.7990226745605
1196.9855918884277
1196.9119758605957
1227.5388259887695
1217.30366897583
1218.0182342529297
1196.9877700805664
1196.9377632141113
1196.9601211547852
1197.1187553405762
1197.2235870361328
1197.1203002929688
1197.285945892334
1197.2087440490723
1197.1806144714355
1197.0920104980469
1197.1623344421387
1197.0126304626465
1197.1994857788086
1197.1573028564453
1197.2476997375488
1197.3388862609863
1197.1077995300293
1196.5898933410645
1235.7110633850098
1197.4137878417969
1166.2427673339844
1197.2890815734863
1196.5795974731445
1194.3192329406738
1194.2527465820312
1197.05859375
1197.2116813659668
1197.3414306640625
1197.1645393371582
1197.3645515441895
1197.3087768554688
1197.1720504760742
1197.1348190307617
1196.6309547424316
