182.872277433222
320.74661844426936
483.03372504494405
766.5123147964478
1287.5381344014945
1317.3535349585793
1266.237299789082
1288.5559683279557
1312.2330386421897
1310.883420684121
1328.7106689973311
1349.3732245185158
1365.8397616473112
1342.0
1405.7809419631958
1433.8574535196478
1408.0
1357.0
1378.0
1567.0
1661.3112427104602
1693.174239765514
1793.042108665813
1737.7763382304797
1734.4826969666915
1762.593100721186
1714.4886149493132
1753.7028087269177
1793.5637583299117
1833.6235312765293
1802.0
1799.0
1843.0
1966.6761475909839
1876.9548934589734
1864.0
1890.3063522035425
1834.0
1846.0
1864.7008888071234
1960.48441342874
1885.1249520345168
1865.0
1994.4865731976247
2148.81104389104
2531.615310387178
2779.3619864420452
2742.8710419698195
2715.694907773625
2924.957596757195
3032.28351781585
2969.926480401646
3047.566660664298
3094.865583376451
3139.0154804749923
3205.3255601362753
3301.7531104087825
3127.9261059761043
3179.926204291257
3209.354866027832
3205.903042143041
3215.260138121518
3256.8976008241825
3222.4422233754935
3250.5919836651196
3333.061593359167
3275.506727738814
3254.575082692233
3288.3791252049527
3329.5261555585
3289.4977723034935
3247.95882545818
3349.1401587182822
3322.2869150855327
3373.6344811266117
3367.296124154871
3396.835834156383
3373.894775520671
3365.478260603818
3457.577050989324
3401.4298633228645
3395.9876999421554
3376.903136210008
3367.0110119906335
3479.052603764968
3475.5138881423254
3457.869537743655
3397.2982141754846
3434.7321396307507
3407.3756677454166
3433.4027101343327
3425.4131246046586
3381.8103942437606
3380.905481165106
3356.092910116369
3401.7159217054195
3400.7784612829028
3341.4898132410917
3348.8349483663387
3256.244856444272
3320.0848038413305
3389.1247912320223
3298.2166050997644
3391.435129555789
3371.411187908866
3375.821733951568
3359.355253869837
3402.4717510396786
3390.2439062812114
3418.3850890506396
3398.3249919197774
3440.608253695748
3409.7739802273836
3424.0815226814966
3350.1297779950237
3365.746007008986
3397.482697703622
3320.5668426426973
3384.5089212764387
3424.1409099752264
3407.632218534296
3455.0142230120573
3421.0881868275733
3354.4437828497457
3471.6124499927864
3494.905723528429
3482.5846741416235
3495.050111857328
3516.7102658531876
3399.2823566523466
3358.1404008865356
3423.8880704099483
3497.192231828516
3500.2418398857117
3439.516665458679
3471.725836840543
3485.116586815227
3455.764654896477
3443.498436841098
3483.108828241175
3517.545122623444
3525.2688227133312
3529.0338314663272
3482.812548073855
3477.8951542160726
3523.120630654421
3549.857150858098
3501.457919164137
3489.5715977061877
3479.4129445769568
3476.311278603294
3422.682534607974
3409.8221637118945
3490.533227660439
3438.661137884313
3399.305751757189
3406.6198602589698
3386.6511394327335
3382.6329848116093
