49.48418961794385
59.976927666232775
73.95112740953189
122.32928285369572
146.74707828973027
212.59448027283526
323.35634886020426
401.9461472257835
417.59642689781657
509.6144681395458
1058.975431803122
1789.873083037985
2016.5584018994598
2354.449272003245
2587.844324370227
2833.2512910561322
2988.028639364931
3265.970012156908
3310.6795541811975
3316.9726022158434
3323.3584967528454
3329.810898182432
3337.1971459949073
3342.232018210498
3347.0730879057433
3353.3595761345277
3360.0697478422744
3364.8061780519943
3370.522000996864
3376.347485548659
3380.942926120019
3386.3074373308596
3391.503004592877
3397.193643509884
3402.140292574622
3408.2216688197054
3412.0799664009783
3420.08586540457
3424.680407265862
3430.228236135357
3434.8382744441906
3435.2099055163194
3434.1943252759206
3436.039507997357
3435.414497654757
3435.981036399589
