0.1 | 0.5 | 0.2 | 0.4
59.12217372129675
129.5521741659374
137.81948193409252
144.26490652235236
144.41485727847987
144.48303718852046
144.4905430697719
144.49908467036332
144.5144295534431
144.5328544733623
149.6334152131091
151.50774131328865
169.96569389988298
204.29610288655695
268.4939247291312
409.9942293536173
556.6519603591631
681.8245222515558
744.426637430805
745.0232445615271
745.450957539925
745.4485157793744
745.4476587535105
745.4476785508537
745.4734583252568
745.4475986008836
745.4467481191499
747.9584752490182
671.0087364672039
683.1093386920913
761.6343356630314
766.6579648844645
767.0336507938919
768.3209538954504
771.5343748952488
772.9470050116001
773.2275002698516
773.7101237535677
774.1230094133491
773.8225732819295
774.3475547781422
774.4709963497669
774.4745786503903
774.4745365214451
774.4745826009553
774.4745806267971
774.4745813889618
774.4745810422526
774.4745768149213
774.6968963729718
774.6969083171225
775.3181432474405
776.8384109075363
777.5918615096862
779.1513912579189
780.4165192891144
781.1209209396618
781.1417198521353
781.141735579041
781.1417154765815
0.1 | 0.2 | 0.2 | 0.1
39.80309458101459
0.1 | 0.2 | 0.2 | 0.1
66.19632398339306
132.25253899512492
0.1 | 0.15 | 0.2 | 0.1
30.218363168209958
106.80141636226067
129.5190555680999
142.13209345944793
149.88803005633395
159.38639700667386
172.04575302656514
247.35361653638003
269.01158590694155
305.3070151259653
341.89917464112796
380.5728749067455
408.7582108914712
441.28930622435666
470.1924101101814
498.3527072329936
528.0881563727896
567.3625758837385
724.903787353716
725.0329174014655
725.5516334503588
728.1473088368681
729.7494554956029
731.5343604222056
733.5989222869813
735.3373639247146
736.9070305384208
737.7332838385153
740.099133680141
740.883781644197
741.5469031483894
742.6225981690045
744.3149711188146
745.864420429087
746.3656982253442
747.3664552127955
748.0054567423402
0.1 | 0.15 | 0.2 | 0.1
60.748464369379924
111.35481271682845
132.74923317222613
144.3138818715246
144.48910061428364
144.60306297235488
144.6742565933261
144.69463323232495
731.184501711035
733.3462928493617
736.754004401118
739.0062058110649
741.4768877732117
743.428522654179
744.514678379452
745.456113272468
746.9340479071814
748.8300390930845
750.577800664814
752.1666853430023
753.7220086305284
754.6558181434602
754.796980609669
755.3408216751659
756.7191690088769
757.7953726496114
758.4010518698605
760.9816679189718
761.6240494271459
762.4074659762641
763.6092148403138
764.2355312917143
764.3982592213488
765.8256803603541
767.2476944357525
767.6121559097137
767.9162720424503
768.3280675660124
768.3957478957401
769.68211163192
770.0089720036357
770.7083646589041
771.2332908239646
771.1756795975812
771.6283424498932
771.8125033577774
772.6150937968508
772.7625363866116
772.7952906145339
773.4655878676715
773.5768745411027
773.9254559834894
774.2246857640648
774.2246857640648
774.5935640593794
775.1042604935985
775.2325461330886
775.6923342594405
775.7678110259558
776.0162990936694
776.1098673161008
776.1098657829192
776.2329275522418
776.2329344144612
776.2329305659373
