61.75136845505355
61.215763693538
103.18192165150106
119.14095627004944
144.05608524074668
162.1590725922836
149.44516776871725
66.12911993905121
97.01819940844956
119.35144421872603
156.01892702724348
184.65767639621575
247.41764991653272
366.5602569211824
410.4746899924149
416.2133954130196
418.88408719321546
424.9208709824991
426.94650944385916
427.8788898833141
432.8468276503601
451.1078537744198
441.28020861889877
507.5248645062846
522.0103561315788
557.4911038026618
535.9097557983914
703.444045386703
805.5841372614215
938.7114228820496
922.7198184980674
836.2843367615332
989.5184611214929
1005.6324525341312
1025.8160914100795
1026.2114965511573
1006.6836614132205
1012.5052865804751
1015.3841707312138
1086.4639535763008
1105.5454487056354
1115.969415520992
1155.8412967642876
1142.1393177972723
1266.7962865690606
1198.9586502706925
1157.3683356526483
1176.1170966373911
1210.021838149466
1193.0420485869568
1204.7843540378437
1194.578643400598
1222.279877950198
1276.5988888691923
1323.3733524644435
1495.3783919728005
1605.8853540604096
1533.6841030172855
1594.3419272615677
1575.3367240170073
1632.9208897213318
1808.0452576814562
1921.844764700325
2038.290874023921
2047.9270861528307
2096.6860159133444
2107.675898104556
2141.0304007828054
2173.851416961983
2205.063867188132
2177.902530631665
2190.5515348036133
2202.6572809087425
2230.972569689741
2257.229375933911
2285.2465184888924
2203.2476818913756
2421.811289312938
2339.903780954316
2366.8974284568426
2369.4274952611386
2312.6347311515074
2421.485913839945
2421.704526876958
2422.0283216685166
2460.4291593549647
2422.9004386348397
2460.7624274260465
2460.717214681988
2422.912230541865
2536.644558136941
2498.1718453376056
2537.1542713814915
2535.800058524197
2461.1473190589545
2535.82297585011
2610.8043126527127
2688.028945469964
2536.3877165670733
2573.0640294898576
2760.4418400949044
2797.768393654006
2799.0649489724065
2799.4838844751976
2800.397945916007
2800.6358156329093
2799.996293902223
2797.274655354209
2798.4271630408766
2800.275643980932
2800.3299368342173
2799.7793755068014
2800.8612126049384
2800.732713711074
2799.6546417387144
2801.2910867299734
2803.424541269454
2803.7156677189178
2800.193000969262
2803.2060002108024
2803.000882798825
2803.5563371000508
2803.6264458802334
2803.566075818911
2803.6941637390014
2803.5002756949048
2803.456184442438
2804.0281233048727
2803.583303762935
2802.817639626708
2803.748449271189
2803.46207878909
2803.315277895529
2803.1377611853372
2803.5928133915786
2803.780309851212
2803.904301637174
2804.064974294013
2803.523950432401
2803.718432036844
2803.622404283948
2803.914050469608
2804.160188718285
2804.288710746355
2804.240682365021
2804.332382577839
2804.3251131870393
2804.3399402402897
2804.2505277092273
2804.3190268055064
2804.2616496752544
2804.3624232152656
2804.426024903951
2804.387293782789
2804.3999658796074
2804.4274006629826
2804.2810329308436
2804.375056223913
2804.6060621707243
2804.5838144750837
2804.6004322979325
2804.586207656565
2804.6642961437965
2804.5514051716978
2804.6161764797034
2804.511833578158
2804.7011312734176
2804.6570629918147
2804.698068291507
2804.6788132806996
2728.316512982526
2635.3061493427203
2804.5794963043295
2804.679278907811
2804.680377386753
2804.6844347827846
2804.621908096365
2804.6304191163267
44.95445807744707
51.86845039979983
81.31689243579694
149.4017730787772
