0.0
11.0
101.0
124.0
176.0
232.0
330.0
383.0
439.0
613.0
685.0
715.0
764.0
749.0
766.0
845.0
913.0
974.0
1035.0
1053.0
1067.0
1294.0
1342.0
1386.0
1399.0
1410.0
1414.0
1414.0
1434.0
1441.0
1443.0
1458.0
1458.0
1467.0
1471.0
1481.0
1482.0
1497.0
1497.0
1500.0
1508.0
1528.0
1535.0
1538.0
1548.0
1562.0
1562.0
1562.0
1565.0
1568.0
1571.0
1571.0
1572.0
0.0
19.0
56.0
248.0
310.0
371.0
434.0
479.0
486.0
490.0
496.0
497.0
497.0
499.0
505.0
583.0
622.0
643.0
660.0
662.0
662.0
670.0
756.0
815.0
815.0
818.0
829.0
835.0
918.0
1031.0
1090.0
1094.0
1182.0
1239.0
1239.0
1240.0
1241.0
1243.0
1250.0
1256.0
1268.0
1272.0
1345.0
1384.0
1416.0
1584.0
1598.0
1603.0
1613.0
1617.0
1617.0
1617.0
1624.0
1645.0
1649.0
1654.0
1654.0
1658.0
1660.0
1660.0
1660.0
1671.0
1677.0
1677.0
1677.0
1677.0
1677.0
1677.0
1677.0
1686.0
