62.92355844536159
91.42356843030754
134.76327925767998
132.40983725488422
285.2935829937752
410.88530207215564
447.7327914437567
480.9888596818496
464.0098426590349
464.85508767098037
459.3809609284791
535.8823383375083
598.4049530511281
506.88587475783424
510.9541223620712
585.717597905869
524.1373012739549
500.01687791216
576.6480946617876
689.6072495148135
540.3101807361999
718.7978512818172
666.9637034328235
840.2337621843404
940.7324947486134
868.1978112750351
860.8437947953923
1201.2877684649357
1133.723115996953
1276.5991444673755
1355.5994765334408
1525.6363860304725
1679.769588484398
1298.144431667779
1668.853434470254
2162.763353975478
2859.0996440206254
2794.7611822035883
2604.5190174455374
1438.4515871387973
2920.58326556995
2238.5529982794324
1833.318482398064
2350.7099396718904
2235.8182814018865
2613.3056578609703
2325.7968641494326
3133.2707844604265
3120.8383596976873
2248.4955296442513
3137.868939918389
2169.0127083239404
2849.452797052499
3026.162769616172
3351.003783518005
2552.269797071618
3422.553034628535
3422.102700955018
3368.57091775713
3024.4104673949446
2628.0881542886627
3368.058001242723
3422.9371705807457
3280.1935312464184
3422.6246131140906
3423.2556011454144
3423.6318515559597
3422.604977824898
2666.824067959028
3102.583135209528
2414.187239920141
3163.4353525842794
3194.002952987626
2581.7425614709978
2520.489953084697
3050.089353453388
3035.64038645345
3422.9178424243105
3192.317493813835
3423.138499859986
3368.8529217486794
3423.747275748763
2874.23666393282
3422.2930318368312
2889.9574665852347
3253.923827479413
3244.0771499027474
3222.667918569353
3351.7880771437126
3424.6844326207315
3288.5185806405793
2896.5684872085944
2964.926498862196
2912.565488066363
3424.358677824848
3233.647685745757
3011.0794846281046
3423.6790888222426
3021.052309038548
3423.2726475131267
3279.9963539847163
3423.054109361305
3267.217157202623
3221.387777467784
3423.714135025036
3100.0104658899263
3423.9412469967783
3423.5977876719912
3423.4347761657214
3423.6756895153417
3116.0867085100886
3369.209231558598
3424.0560499928624
3424.3500221222375
3424.2630227442664
3424.073128158921
3424.016622863998
3423.8276947258714
