1999.1101286411288
2296.158412615458
2351.2925589084625
2387.626245896022
2410.425691843033
2482.020187854767
2531.1471418539686
2711.6217643022537
2813.317046483358
2987.8478500445685
3813.11894607544
3930.9019717772803
4070.03624312083
4164.570214629174
4280.814458847045
4289.516203165054
4401.108947515488
4504.311948100726
4512.709298888842
4551.975123643875
4531.341727018356
4593.555472095807
4580.393244783084
4629.701311151187
4625.604629039764
4613.823251446088
4646.362737456957
4614.070047418276
4674.2749616702395
4684.183511257172
4693.139424920081
4711.546524922053
4725.668288071951
4773.070517142613
4772.802593270938
4741.106342156728
4802.31782901287
4796.271626313528
4814.0686442057295
4805.55462082227
4856.277658184369
4871.94142584006
4854.645691156387
4852.910932898521
4831.903119564056
4859.336600542068
4861.852967818579
4879.019362131754
4907.960229555765
4902.848546743393
4913.5318173964815
4909.6892949740095
4971.080217281977
4988.198069969813
4975.129215161005
5002.893137931824
5011.781942884128
5017.849872907003
5059.301842371623
5068.150110006332
5041.998296658197
5091.977106968562
5094.560523867608
5049.943614562353
5029.293082793554
5021.964211304982
5036.523386637369
5038.15906993548
5050.943001627922
5067.782851576805
5068.481538613638
5038.450133522351
5048.924619555473
5071.570365150769
5126.831379016241
5043.516675869623
5098.810421228408
5109.051028649013
5116.324005842209
5122.713481426239
5001.123416741689
5113.038405736288
5103.367151578267
5129.180823206902
5080.403041919072
5094.852068543434
5080.047345081965
5033.281891822815
5098.660943349203
5089.133535901706
5079.680478652318
5094.981819748878
5060.157478133837
5114.5265297094975
5068.165187080702
5074.933309952418
5076.564205328624
5070.081923087439
5087.524589737256
