55.59509475790792
102.06455154339474
44.07360303902795
151.13217387399328
75.94711121335627
123.10394802719351
155.93601763619316
164.56007429718977
176.41252519279712
179.7878283237748
179.64594115081766
183.40032286809563
181.22663433372978
183.41022721681338
183.81647712018747
183.24810809195048
179.59894518395276
182.2711117047733
182.4008794438177
180.1658040518562
179.54494983534022
180.53073010510883
-117.82083408183536
183.7737553066678
179.34500585463317
183.5656170611912
183.79017169468938
204.35942162281933
106.33337263911963
-415.6374224661456
254.69812519394685
279.54622741099865
431.6183711663882
328.9800893118647
183.526385592752
182.02696259134345
250.0388409690724
303.4288986079229
183.5420390494665
184.59549765278902
115.59078137924278
180.91371349877787
182.14012512134184
197.84399415287703
180.65357578237862
182.76892602238388
199.1320117835204
184.11039487832136
183.3886699265572
184.3903326917357
184.2793481640684
185.58410131878324
182.96334357036483
432.9970772402155
183.93185873819715
185.55146119250205
185.96447648717287
186.31416936543255
185.66653244011928
207.0312942806219
257.3049766215683
381.92896682394877
183.80872925023235
206.92791309793793
184.5553557868799
182.29006986505462
406.8534426270922
185.79041175517773
184.35778980897535
184.55195755051253
186.745020264321
182.59832458390116
182.88805726938776
187.0949391559098
356.0211374145746
207.43074721190663
207.3882594290707
186.2795987702078
207.68829896138783
186.65788469043036
207.49932228691043
186.94526485694772
183.0732218321164
432.546954692536
186.95313200083058
186.22236081620056
182.93828957239796
183.01971568094376
185.68694715585974
187.00395416729984
186.36301389873032
186.52669376181228
183.05273982392413
432.8234926002886
182.722454031507
187.24019274671872
183.32572566429792
185.765470887588
186.02475404342005
183.20832128220138
433.93241373856864
186.61297663377388
185.2895235923263
186.97174437688466
183.1098342859744
187.0526791722906
433.0159743357036
207.8202605866061
183.22282298339738
183.49199594822198
-185.9404209539625
-165.3065711551904
237.7202017861604
186.55774813115602
207.23882877548544
186.15926574733527
232.4037057807048
185.27170916722892
432.6006949526072
184.7028522512648
381.75049474285714
184.85643781012942
431.53987811836936
431.9155559663308
186.77122359812265
186.95185056289034
282.72473985599146
186.19618528836304
184.89807779504193
187.16973602228694
185.991019824942
186.34819061040872
187.32350396242416
187.2296813140975
432.81424342228314
232.47944865822794
307.012771050632
186.6554476015435
232.43748571177332
307.2269970638222
433.2648443400198
185.49826314247323
208.5029634535976
233.6633929170504
208.0866037483679
185.79564491755423
185.07868402000935
183.36897153576217
187.10979938944186
186.13751258644805
183.59229448040318
183.5907399000724
185.5935528376367
186.02233667724676
222.9010438614422
432.96815621876056
232.76131879005177
186.12799381365383
187.27314629038187
186.37118261264425
182.78695791953135
183.4261857857968
186.2853536702527
233.06745918598435
208.8681716016928
383.2663250697986
186.96522892865858
434.21149631778394
434.1971115163301
183.48063360485764
186.36856601821057
434.5418867853284
186.4514343567027
434.53219778246347
434.5198866028255
187.24426191270356
187.43713317897578
139.78176794250803
186.52817215700935
256.70211412145034
185.37829590472913
433.03465206169426
185.00875236219824
433.006263349288
186.00460802521957
432.7772089568775
432.92347646713256
257.79393414941103
186.90414717084838
187.17879988471665
183.2264410487811
185.88625463181074
185.93089111636075
184.93329520725544
185.29288805325828
186.06133214596247
183.5880074555344
383.8075419586896
187.00450731443033
185.44772170381404
232.99947193009987
