2085.0501383874753
3509.5696238262003
3791.255960565938
4198.875867294013
5252.241141804414
10807.234943275982
14552.08041631536
16222.531410477583
16250.63878496937
17161.513634892242
17234.807894775735
17984.591638564318
18056.744287228874
18050.437814066456
17549.381540435686
18181.224348819665
17685.622273335684
17814.60479154175
17583.852504393486
18029.272929582607
18048.39990276297
18195.726244199224
17731.81263381799
17854.82457955664
1538.9868483508594
10746.29840405257
18009.673750364876
18017.260410423616
18202.16758916077
178.3956504454274
17907.713716962964
1937.3183191887656
11631.713280789647
18248.987118601537
17804.38696641262
17891.161228501776
17674.125318532377
18310.479120052514
17672.15629685467
18214.437585559448
17919.188835781297
18017.301891639065
18201.409720567233
17986.01012650107
18269.581904540617
18238.366709210874
15576.695466918776
18313.48612534487
18394.935604224498
18092.836953222795
18000.348821107957
18278.296085659254
18345.676851145454
18115.560035016537
17347.400465817125
17978.191066973475
18427.320957754982
18422.770249327194
18345.720293663006
18367.062437992554
12874.381702443301
18396.12942052056
18311.794243131044
17825.45885132356
18098.43551908854
16786.500199965987
18078.77762833499
18199.30092959064
18316.18567255437
18074.019158191415
18379.037142531222
18304.854983876536
17981.70424360309
18436.06817762612
18356.157547794424
18449.065970422802
18051.579992436604
18142.59476169372
17861.456423953965
18479.26677714414
18499.033107317628
18125.073870680524
18086.35667894197
18477.83070619701
18384.242236895563
18527.63167329186
18112.499417518484
18096.13493035413
18160.036899974853
18355.94869603063
18412.914506959216
18476.285152940618
18519.211256370014
17600.072875425285
17786.945143134522
18409.64162996822
17882.794168428652
18086.370486707467
18140.687069187356
18235.25345172236
18407.327964202563
18381.322330473486
18403.487894231042
17810.956632721256
17934.513587184218
18502.445129743213
17825.797022897896
18407.66205070628
18112.939497317668
18201.93146162069
18223.87012092174
18312.45862231695
18439.676256720817
18414.733734240825
17733.32659816801
18379.756595802333
18054.417051274344
18449.699437123694
18096.781866530215
18413.385090518528
18072.59254885912
17771.173344733474
18446.107933148545
18102.644238537538
18185.51300577024
18519.60937245899
18512.00710672668
18488.41309473991
18166.870243938498
18165.882458397682
18449.582971861095
18158.198316374306
18496.900767280982
18510.074518446778
18541.519954703457
17985.090581763405
18416.87856055869
17852.80322044641
18501.559549677157
18081.80655043615
18098.457392183936
18465.789382818948
18590.42020770615
18538.044001996695
18490.460566353824
18527.868217808416
18586.96707175344
18521.33964939057
18529.452837306526
18103.787851709913
18466.35503836367
18098.554496205612
18484.900564326206
18170.12239234765
17352.36350659173
18123.142497359528
18552.143722280394
18076.184540220893
18504.169984279786
18086.503174702266
18304.02504073515
18152.85852458595
18526.14671856632
18171.48747821437
17713.217809690224
18191.103155794146
18441.06898884747
18128.083485187402
17978.251355287404
18163.78802026627
18242.66923197013
18138.674417434628
18157.850707646983
18192.849037227727
17923.226855234894
18214.925631086633
18578.583286696194
18615.575392252988
18212.23121464645
18527.114516310143
18213.6251380153
18583.74263336367
18259.018381560476
18488.649846710316
18525.38068861583
18238.97676912321
18591.67326600471
18265.62915709197
18503.699821771526
18619.529742405004
18635.013779708144
18177.567761453498
18582.139313168864
18235.471203677727
18514.24946990555
18634.206756040734
18604.24425035715
18213.839438832987
18648.433586563464
18559.192022809715
18555.887739920327
18553.702724132647
18570.807652538977
