53.7699959948557
70.7886833508665
81.96699801014834
98.58042614536714
128.20549144144212
135.12670540809196
148.43598612382863
172.98505838633488
219.24997208305714
313.20367479512925
465.8912204797753
583.2816135760274
719.4047861446621
821.820090943203
900.8816770828207
992.7428540354427
987.4965687168915
987.7907488578178
1015.6816455267908
1026.3054038398705
1021.5256659607655
1051.013422413179
988.5363418753724
1002.5357606284139
1050.601280654173
1074.4543958545119
1075.198033616796
1200.4847682494265
988.7969630383667
1044.9980672005252
1041.2532204166346
1099.3344382824587
1066.5897888804154
1111.4892075905339
1223.7937312848512
1179.6824219732014
1114.1958862364959
1122.0108213247652
1205.5276241550546
1162.3688787058165
1201.2239616860031
1167.8157340783898
1219.2117178941219
1061.9598034059195
1111.0358976257091
1220.228939916658
1098.8308081062958
1157.098877819431
1177.386495964462
1475.8225246058246
1604.7158639161926
1597.4779458491332
1725.0150281278513
1709.1160340092877
1880.7976079395748
1855.9782205876331
1823.6285408158656
1861.756639471302
2072.722872554913
1898.955336179612
1776.8489128100844
1808.969634683037
1714.5063410004675
1947.0009072122157
1712.6544915828267
1719.4695474555185
1810.3660641976721
1963.6767832660382
1862.4683774482414
2017.6864107391773
1998.4615868280907
1801.4653510227774
1928.0521105216787
1866.0363875646283
2072.8104298167736
1613.5571619098105
2140.2604726016475
2139.2567094154056
2097.5621726831373
2223.725648493178
2251.428104227789
2204.3351853623512
2227.210737680752
2226.5068645686506
2305.860095905753
2272.8569092659013
2286.7529152299753
2272.1831840025034
2229.282534509662
2229.783584736394
2232.7781549874053
2228.081869362453
2271.834657049152
2271.9598508039085
2281.8962082191656
2312.0412267201805
2271.580640581531
2251.9954537945596
2271.9746573241246
2272.092714959996
2272.1927260049833
2265.481581191819
2252.5224107439494
2271.8752289052927
2272.5210460532417
2332.6399238958966
2272.8517503166827
2322.4006553917125
2335.7119549667846
2373.2849178015767
2299.87689761291
2253.7765466080104
2303.1029418682724
2333.8415608607706
2306.4217886331126
2369.777354035078
2386.5853329746074
2324.4623778849586
2330.494253724052
2319.5608916064125
2307.3239964312343
2283.663754081512
2296.0378189649064
2270.4272793280616
2315.589182080866
2317.051875228272
2297.9977467316535
2352.877306419693
2364.5075773065814
2309.2383846905286
2290.952457652885
2340.0059171986104
2299.6671763103486
2263.085911028148
2281.7178272847514
2306.2107933994075
2303.4529567191857
2356.6930507371308
2380.4961792468016
2351.6143712691874
2323.4356158626506
2303.22055281323
2374.3790491784493
2452.012636973694
2335.128884052591
2344.0130699189563
2318.969035159773
2371.6474269010796
2373.821004781537
2429.5459830122945
2593.207144892627
2584.1462352115786
2492.417711450716
2564.3415497208675
2582.2184946225834
2555.28798611447
2828.170976820033
2865.623645874889
2496.571223977914
2680.466907489017
2595.4812015966
2715.9916288687787
2675.54276071371
2725.2088589926016
2816.3890549030502
2675.37017733587
2446.647890205983
2462.7023884726177
2608.772302562203
2509.235411939635
2481.441815494999
2663.846543526299
2591.6571526959247
2500.3331561907453
2519.679649097515
2495.2543485078263
2441.975932481457
2425.254414951021
2426.167028597293
2547.495368520502
2564.7027848735265
2627.324872956995
2621.3701161904432
2492.8248322933714
2659.112151859652
2358.512753425351
2555.0344585825515
2219.6811939110203
2456.928737978933
2439.5662082009794
2394.2998256274477
2302.3375528251922
2467.8112014680937
