1756.2762141227722
2281.849068800608
2395.7581140200296
2398.8636820316315
2471.686230659485
2644.483238697052
2633.934856891632
2692.7409013907113
2638.92740436395
2585.3359709978104
2709.8281292120614
2784.7340140740075
2990.9385319550834
3201.920628507932
3285.2008539438248
3466.431194623311
3841.695821563403
4006.861313462258
3770.7151309251785
4157.824262062708
4211.458368380864
4057.8308845361075
4051.071255326271
4381.890171209971
4262.839748660724
4446.1662282149
4497.391969521841
4672.501116951306
4510.523018399875
4618.829526344935
4273.530603249868
4746.407859961191
4766.025895992915
4606.3482523361845
4664.821840365727
4792.554256478945
4835.377892871698
4663.823978066444
4454.901712934176
4790.637967030208
5008.126102050145
4673.796534339586
4671.367761989434
4860.292259116967
4985.47103424867
4713.719483534495
4728.926808317502
4790.069374799728
4485.399246931076
4663.647514343262
4558.872578104338
4751.307549953461
4876.89439702034
4957.492924928664
4950.097849567731
4930.025260686874
4802.9721219142275
4960.988256136577
4902.043717861176
5248.844391465187
5104.797029654186
5184.4161333243055
5124.268746773402
5236.059063235919
5326.219989339511
5057.8575937747955
5222.191236297289
5325.017316897711
5336.787771383922
5361.006015459696
5246.585560679436
5253.168694734573
5273.692440907161
5279.853943188986
5269.759422759216
5337.625334699949
5407.757950067519
5492.816360473633
5296.394682010015
5534.434282978375
5358.895947337151
5351.671688556671
5391.563892642656
5355.2420189778
5406.531728545825
5470.2455038626995
5485.379721721013
5319.236735145251
5571.218881885211
5448.562735080719
5395.094442844392
5552.439285079638
5545.476562738419
5497.208307107289
5478.632614771526
5483.044997294744
5490.907706578572
5441.926956892014
5344.773757298788
