1662.0
1565.0
1783.0
1658.0
2094.0
2358.0
1037.0
2593.0
1205.0
2616.0
2362.0
2210.0
1921.0
3880.0
3703.0
3872.0
3965.0
4667.0
4774.0
3581.0
4308.0
4668.0
4822.0
2260.0
4785.0
4014.0
4424.0
1909.0
5984.0
4873.0
4928.0
5512.0
2024.0
2232.0
4973.0
3708.0
3471.0
4823.0
3614.0
5278.0
5243.0
4672.0
5402.0
2250.0
6205.0
5279.0
5334.0
5446.0
2939.0
4358.0
6642.0
6538.0
6805.0
6789.0
7154.0
7715.0
6522.0
8222.0
8038.0
7108.0
7529.0
8025.0
8865.0
9062.0
9104.0
9123.0
9413.0
9499.0
9616.0
9051.0
10406.0
10535.0
6961.0
10529.0
8933.0
3135.0
8827.0
9044.0
9202.0
9843.0
9658.0
10135.0
8705.0
9783.0
10637.0
10398.0
1796.0
9739.0
10928.0
11229.0
11533.0
11238.0
10435.0
8425.0
9330.0
9839.0
10473.0
10723.0
11010.0
10832.0
10911.0
10188.0
7808.0
11219.0
11510.0
10432.0
10271.0
10880.0
10722.0
11583.0
10469.0
11408.0
6516.0
11804.0
2393.0
11876.0
7558.0
7763.0
10768.0
11432.0
11483.0
9757.0
10897.0
11261.0
12208.0
11073.0
10383.0
11270.0
10704.0
11472.0
11715.0
11302.0
10450.0
11136.0
11468.0
10976.0
11606.0
11506.0
11574.0
7975.0
12112.0
11067.0
11542.0
12532.0
10556.0
11993.0
11638.0
11520.0
12047.0
9319.0
11943.0
12467.0
11877.0
11620.0
7015.0
12076.0
11650.0
11578.0
11688.0
12282.0
12520.0
10620.0
11574.0
11459.0
11819.0
12183.0
11445.0
11974.0
11302.0
12091.0
10421.0
11449.0
11866.0
10382.0
5910.0
10929.0
10954.0
11501.0
11568.0
12137.0
10534.0
11155.0
11809.0
11976.0
11164.0
12121.0
10482.0
11558.0
7401.0
9503.0
11198.0
11201.0
10260.0
11166.0
10713.0
10426.0
12092.0
11563.0
11575.0
