1717.0
1392.0
2031.0
1548.0
1804.0
2753.0
2473.0
2772.0
3723.0
1567.0
3707.0
3869.0
4353.0
5217.0
4127.0
4147.0
4121.0
5142.0
4641.0
5159.0
5226.0
4449.0
4711.0
5573.0
5566.0
4623.0
4737.0
5575.0
4834.0
5608.0
5729.0
5514.0
5557.0
5545.0
5155.0
5469.0
5019.0
5499.0
5661.0
5720.0
4973.0
5562.0
5014.0
5145.0
5540.0
5019.0
5433.0
5565.0
5556.0
4977.0
5307.0
5428.0
5285.0
5665.0
5653.0
5018.0
5541.0
5494.0
5658.0
5700.0
5680.0
5516.0
5691.0
5752.0
5748.0
5686.0
5715.0
5755.0
5867.0
5752.0
5802.0
5805.0
5898.0
5788.0
5819.0
5844.0
5811.0
5798.0
5811.0
5738.0
5889.0
5910.0
5874.0
5932.0
5933.0
5888.0
5872.0
5902.0
5866.0
5891.0
5853.0
5930.0
5885.0
5999.0
5900.0
5918.0
5905.0
5905.0
5933.0
5934.0
5877.0
5914.0
5870.0
5939.0
5818.0
5867.0
5924.0
5918.0
5896.0
5891.0
5933.0
5902.0
5865.0
5913.0
5958.0
5923.0
5902.0
5973.0
6052.0
5869.0
5894.0
5967.0
5979.0
5976.0
5986.0
5855.0
5977.0
5983.0
5863.0
5924.0
5868.0
5990.0
6070.0
5972.0
5951.0
5939.0
5890.0
5933.0
6008.0
6035.0
6014.0
6042.0
5953.0
6018.0
6009.0
6003.0
5742.0
5876.0
5875.0
5935.0
5895.0
5775.0
5736.0
5814.0
5945.0
5929.0
5792.0
5930.0
5875.0
5947.0
5910.0
5901.0
5883.0
5847.0
5924.0
5887.0
5808.0
5896.0
5986.0
5848.0
5889.0
5896.0
5843.0
5887.0
5940.0
5844.0
5872.0
5879.0
5966.0
5904.0
5861.0
5950.0
5892.0
5880.0
5872.0
5832.0
5897.0
5925.0
5952.0
5928.0
5959.0
5949.0
5926.0
5932.0
5793.0
5914.0
5912.0
5902.0
5820.0
