1131.9126004378
1523.1507975657782
2126.944926738739
2138.3468863566713
2167.2416871388755
1401.9727062781653
1921.719114700953
2111.6067851781845
2135.709734837214
2171.5568211078644
2189.711413304011
2198.3980449040732
2202.767254590988
2194.8216614723206
2305.093334754308
2308.3879730502767
2359.0457304442925
2299.66823472331
2759.7850323120756
3359.7827622294435
3764.838072458903
3813.871968905131
3851.3740234375
3881.530772924423
3910.66592168808
3961.620302995046
3922.4688359896345
3923.0473295052843
3968.4123085339866
3985.453064362208
3970.8420728047686
4006.0
4018.697019179662
4126.0
4090.0551212628684
4059.330007116
4081.023268620173
4069.5135264396667
4090.0
4109.992212533951
4122.673437277475
4101.478360017141
4110.804619630178
4148.5198852221165
4137.841660420099
4142.015271107356
4147.392889499664
4188.718657851219
4184.606511632602
4142.422449668248
4185.6711262067165
4211.0
4211.382027546565
4224.005925655365
4376.291106661161
4239.082092563311
4274.579906622569
4185.969033797582
4282.188037395477
4288.406593521436
4250.0
4281.170230110487
4251.963762044907
4311.6940147082005
4315.094576716423
4386.979950110118
4211.076373497644
4295.558076302211
4321.182006597519
4260.046378453572
4255.1716066201525
4248.865779956182
4238.661496718725
4255.42154375712
4542.685990452766
4282.27211523056
4432.004879554112
4409.802785873413
4613.3897804021835
4583.778605898221
4505.175988475481
4807.464665174484
4325.90671312809
4772.401794830958
4755.239967823029
4884.9261697928105
4764.924148837725
4825.294647018115
4814.613834063212
4958.351901451747
5272.536790410677
5193.81394203504
5263.103451450666
5715.798388838769
5660.4242495298395
5499.609198590119
5807.316456476848
5827.319423158964
5758.660052835941
5778.199995795886
5811.306131839752
5790.374084075292
5227.5924902757015
5742.519026319186
5702.8920587301245
5837.142445882162
5756.35881237189
5808.177501201629
5875.382633248964
5846.553347468375
5850.367589950561
5827.251172860464
5796.530583222707
5821.998354037603
5877.891985177994
5796.042853871982
5946.073001623154
5807.903307874998
5888.136793573697
5811.662342905999
5839.539234995842
5809.396848082542
5891.717743357022
5790.426137447357
5413.825301369031
5831.629812598228
5811.257831772169
5684.853739182154
5663.62872783343
5848.700890223185
5820.903567234675
5644.43439857165
5815.207415699958
5893.015235185623
5889.673125425974
5938.647804816564
5917.038771073024
5988.809858043989
5911.8412306308755
5986.081443866095
6022.0334927241
6001.433158636093
5910.89466925462
6060.405510902405
6040.581409931183
6008.361443718274
6029.306280811628
5956.099126299222
5912.026557644209
5906.354335347812
5948.855533579986
6012.406909624736
5980.917142907778
5851.924408316612
