1932.6963526407878
2197.42932621638
2311.0990391174955
2367.0722494920096
2391.677533308665
2518.524477879206
3096.2578920920687
3616.942201097806
3752.0757482846575
3823.3414522012076
3787.2882324059806
3920.5814158121743
4051.6391843954725
4079.365592678388
4220.5453367630635
4220.830748637517
4296.319388230642
4373.482338706652
4402.751730521521
4433.887282371521
4347.654796044031
4554.565789540609
4474.751418590546
4610.565145810445
4735.65094502767
4785.475823839505
4742.834702849388
4927.318135380745
4730.238028208414
4909.543059706688
5304.311385075252
5434.48463777701
5053.6872717142105
5263.693368434906
5389.966426769893
5453.94673538208
5256.007954676947
5194.354061484337
5484.824611504872
5418.808338244756
5454.971465706825
5475.450212319693
5444.42360786597
5487.430347681045
5469.134868423144
5558.033595879872
5504.451168378195
5596.384461959204
5586.679144342741
5630.6735512018195
5609.280933856964
5606.569210410119
5563.552040537198
5610.191783865293
5631.489426930746
5669.071487704913
5750.772521018982
5725.024952689807
5872.201829950015
5777.100125511487
5718.126115322113
5838.536050796509
5718.8936445315685
5723.198890089989
5880.251687685649
5784.181949893634
5714.941459298134
5775.923107226689
5715.613336324691
5798.411774992943
5791.8808213075
5762.461163798968
5768.579922954241
5794.582879741986
5629.378687222798
5648.29093460242
5670.1271986961365
5740.443725307783
5785.051831841468
5650.68876906236
5680.948130726814
5690.711543560028
5677.178999781609
5707.014104763666
5657.417845924695
5684.50861398379
5600.809461355208
5758.422110875447
5723.964797576268
5645.182139873505
5799.263075033824
5748.541391173999
5710.449512203534
5765.066127181052
5645.695669571558
5788.305909792582
5698.972186485927
5674.718390226363
5662.505274653435
