11.0
34.0
70.0
123.0
0.0
0.0
23.0
23.0
23.0
34.0
46.0
71.0
84.0
133.0
162.0
182.0
187.0
231.0
265.0
364.0
438.0
805.0
1282.0
1472.0
1645.0
1750.0
1826.0
1859.0
1923.0
1988.0
2000.0
2066.0
2109.0
2187.0
2236.0
2296.0
2615.0
2846.0
2986.0
3082.0
3217.0
3300.0
3335.0
3379.0
3394.0
3514.0
3535.0
3541.0
3556.0
3576.0
3581.0
3607.0
3617.0
3623.0
3638.0
3644.0
3650.0
3650.0
3655.0
3657.0
3665.0
3705.0
3830.0
3830.0
3830.0
3889.0
3956.0
3978.0
3978.0
4084.0
4108.0
4136.0
4156.0
4179.0
4179.0
4187.0
4187.0
4187.0
4187.0
4200.0
4208.0
4208.0
4228.0
4238.0
4249.0
4249.0
4281.0
4281.0
4298.0
4298.0
4298.0
4301.0
4318.0
4318.0
4318.0
4318.0
4318.0
4323.0
4324.0
4331.0
4331.0
4331.0
4352.0
4357.0
4357.0
4364.0
4364.0
4364.0
4364.0
4383.0
4388.0
4388.0
4400.0
4400.0
4413.0
4413.0
4413.0
4413.0
4413.0
4413.0
4413.0
4434.0
4080.0
4139.0
4160.0
4208.0
4241.0
4268.0
4273.0
