1237.180549542109
1440.491870045662
2079.3968008359275
2150.867093602816
2202.585068464279
2209.9120560487113
2235.6769553820295
2252.2014911174774
2397.039405186971
2676.6606591939926
2634.8886964718504
3505.6838566859565
3605.5400195121765
3676.2088141838713
3715.2897570133214
3892.799726406733
3924.9041077295938
3957.8656466007233
3999.9965364535647
4040.0
4004.2523865699773
4033.8850909868875
4002.4596276283264
4085.780145486196
4108.579367717108
4104.262408018112
4201.669431447983
4207.156377355258
4176.448606093725
4146.789392153422
4232.463331739108
4269.485512256622
4256.0
4236.268993457159
4299.118306239447
4259.3510996500645
4212.215083241463
4167.678025285403
4174.941009918848
4164.572379430136
4228.357182105383
4233.7663982709255
4185.744994163513
4245.373963753383
4187.512151320775
4222.7393904527025
4232.223866065344
4247.990337530772
4272.800686438879
4294.342755317688
4300.37421319882
4242.777902523677
4250.590908726057
4226.431597113609
4228.494723558426
4328.742902318637
4300.964081803958
4291.132294178009
4370.315505027771
4344.203969836235
4343.716288367907
4361.215656717618
4393.5212252140045
4339.056006153425
4314.913422346115
4349.9992028872175
4378.837276299795
4364.906729777654
4384.021688938141
4292.154523293177
4376.354722658793
4363.2657712300625
4310.161014636358
4394.737604657809
4337.420966267586
4309.356159766516
4373.709102193514
4395.601908842723
4487.011401414871
4412.796115636826
4387.470121065776
4359.851001779238
4501.864111185074
4347.361945509911
4380.1293006738015
4423.594718654951
4378.152418454488
4409.289075056712
4438.217649062475
4457.495139797528
4450.280566533406
4419.5630553166075
4420.33015871048
4549.890862544377
4438.484599033992
4445.728295365969
4512.177665789922
4403.557645916939
4499.7492517232895
4472.632484237353
4402.7442368666325
4394.384947220484
4468.925977547963
4618.143473545711
4577.222591956457
4552.281398097674
4394.3927241961155
4670.621472160021
4933.319025993348
4648.479013323784
4538.749072392781
4449.206561803818
5068.775768081347
4575.0026133060455
4457.151383638382
4443.012834986051
4457.485001564026
4359.956686814626
4378.030277649561
4404.263804992041
4464.414767344792
4333.351761897405
4370.259647051494
4375.534010688464
4389.066730340322
4323.37528292338
4412.826283017794
4455.838726123175
4401.104237159093
4486.103552738825
4557.963682293892
4470.0
4435.4873868227005
4399.074803670247
4540.816472609838
4415.372601270676
4440.697358369827
4393.006709535917
4455.565176884334
4598.55936117967
4484.925560235977
4486.371713439624
4541.298040707907
4474.094840129217
4450.367077112198
4501.012500047684
4533.570411125818
4451.179538965225
4472.640612363815
