47.32380676269531
83.2353286743164
98.70393371582031
122.65586471557617
212.87875679859875
180.98527145385742
223.46904373168945
261.1078300476074
283.57331466674805
287.972412109375
296.4325294494629
292.7429389953613
296.0011177062988
296.62479400634766
327.94611740112305
297.82422637939453
297.8493843078613
327.6283187866211
335.3487739562988
352.5523109436035
384.4693794250488
389.22576904296875
384.7774429321289
376.64280700683594
395.7713985443115
394.1611385345459
381.88645935058594
389.9197463989258
396.88083267211914
396.9351921081543
397.7480773925781
396.9019088745117
396.2497978210449
396.18143463134766
397.4538116455078
384.3000831604004
407.24545097351074
393.5660514831543
396.2856750488281
397.7978286743164
397.47139739990234
406.8326892852783
408.10058784484863
418.14280891418457
396.79570388793945
396.5588912963867
408.81736755371094
396.92884063720703
418.2257823944092
415.6978187561035
438.0206985473633
417.73278427124023
458.0531635284424
487.465206861496
467.8449249267578
545.0607805252075
548.6651382446289
627.9130256175995
597.9831027984619
646.8589231967926
588.7095012664795
647.9136905670166
628.7973217964172
687.0385458469391
638.2411887645721
717.9670760631561
787.9638202190399
671.7359478473663
828.2533242702484
775.9873118400574
954.9194858074188
688.2367868423462
817.9647388458252
700.2539956569672
757.4750928878784
678.0253510475159
697.7023868560791
878.2650027275085
856.6788008213043
865.4492690563202
836.1968734264374
896.4637823104858
1045.5888919830322
988.2758371829987
1039.6975240707397
968.5932033061981
818.5251069068909
792.7193772792816
929.8416528701782
952.6019582748413
948.0833036899567
1028.2953100204468
883.7328450679779
1076.1974658966064
1097.6608123779297
992.3988425731659
929.4694445133209
1062.2632732391357
1085.7549533843994
1076.3653354644775
1056.1118431091309
1045.7161350250244
1097.308925628662
1097.541603088379
1097.4757804870605
1097.3231582641602
1097.5625267028809
1097.6788711547852
1097.7372436523438
1097.7480850219727
1097.9072265625
1097.011489868164
1086.53786277771
1097.5003242492676
1097.2884902954102
1097.5100936889648
1097.791244506836
1097.4580764770508
1097.6299057006836
1097.605339050293
1097.7671089172363
1097.7964401245117
1097.7417526245117
1097.7892150878906
1097.9067687988281
1097.816349029541
1097.6455841064453
1097.6619873046875
1097.755485534668
1097.521183013916
1097.3381538391113
1085.1656036376953
1087.6144790649414
1097.1963233947754
1097.0671920776367
1097.1592903137207
1097.3355445861816
1097.5796279907227
1097.8782081604004
1097.7966079711914
1097.77193069458
1097.702434539795
1097.70556640625
1097.617286682129
1097.724708557129
1096.7004070281982
1096.4426898956299
1097.8892250061035
1097.7257957458496
1097.504493713379
1097.8198165893555
1097.7356491088867
1097.7178535461426
