1638.7629740635555
2273.185156345368
2348.867856025696
2418.4445746739707
2447.357675790787
2423.0
2523.134781599045
2542.7185533841453
2600.7271607319512
2862.047991871834
2900.720194061597
2691.4852003256483
2799.355609258016
3063.0472753445306
2993.5436500708265
3142.8242396116257
3330.8350312709804
3656.5025040308633
3433.9353855848317
3807.382236282031
3943.5127413272853
4039.190343936284
3819.992366870244
3994.4439355929694
4037.374074141185
3961.9098888635635
4064.4709993203487
4211.200898170471
4157.812329570453
4315.727543195089
4301.936953306198
4246.469651937485
4379.393948634466
4339.170028328896
4355.279822190603
4335.85627202193
4520.717047254245
4583.797498663267
4743.196041226387
4587.456849733989
4586.669013460477
4712.793107032776
4717.393940925599
4712.739765048027
4703.274747610092
4763.597811937332
4677.326707363129
4696.899367809297
4589.3269433180485
4730.879120508829
4618.703607181708
4787.684641162554
4768.3937388261165
4835.009606321653
4730.79372616609
4781.830360015233
4831.089374105136
4734.295630693436
4910.496862888336
4784.332184712092
4710.994427919388
4745.345552384853
4894.2336725393925
4872.439765175183
4718.728418191275
4812.805377960205
4789.971597234407
4720.291652003924
4891.501251538594
4817.979010502498
4857.992137352626
4771.549526294073
4805.594580292702
4890.291296482086
4908.698756416638
4789.361094872156
4940.60937221845
4737.317414283752
4702.507101535798
4921.122182647387
4903.769668896993
4735.834824164709
4769.0
4703.1332671244945
4796.946854273478
4790.829557418823
4719.933269023895
4844.958546002706
4902.22969353199
