1726.0
1733.0
2450.0
1729.0
1804.0
2463.0
2470.0
2745.0
589.0
1782.0
2003.0
1840.0
583.0
2572.0
2911.0
2570.0
3394.0
2477.0
1759.0
1850.0
2594.0
3198.0
1419.0
2431.0
2533.0
2328.0
2630.0
2935.0
4382.0
1721.0
3233.0
2117.0
2475.0
758.0
3995.0
3346.0
4534.0
3116.0
3661.0
4890.0
3160.0
3712.0
3155.0
5402.0
5346.0
5361.0
1145.0
2450.0
4813.0
5766.0
6938.0
7183.0
6921.0
4910.0
6263.0
6934.0
6474.0
4936.0
5261.0
6017.0
5932.0
4749.0
5848.0
5658.0
7868.0
5932.0
6479.0
7098.0
6496.0
7936.0
7809.0
6422.0
7468.0
7422.0
7821.0
8222.0
8239.0
9086.0
5766.0
8957.0
6633.0
9069.0
9927.0
8803.0
8310.0
8150.0
8922.0
5281.0
8601.0
8901.0
8268.0
9480.0
9648.0
8374.0
7752.0
8176.0
9142.0
9267.0
9857.0
9548.0
9251.0
9877.0
9927.0
6484.0
9218.0
10028.0
9126.0
9050.0
9831.0
9364.0
10003.0
11309.0
7715.0
9978.0
10166.0
10095.0
9401.0
10294.0
10227.0
10314.0
8112.0
10302.0
10368.0
8807.0
10208.0
9158.0
9671.0
10214.0
8678.0
10131.0
7701.0
10268.0
10192.0
10074.0
9828.0
9927.0
10413.0
10052.0
10792.0
10040.0
10343.0
9636.0
9913.0
10153.0
11251.0
10192.0
10689.0
9360.0
10132.0
9247.0
10972.0
10352.0
10049.0
10282.0
11363.0
10430.0
10487.0
10760.0
10309.0
10272.0
9551.0
10144.0
10897.0
10589.0
10462.0
10486.0
9319.0
9827.0
9867.0
9647.0
10473.0
10410.0
11406.0
10422.0
10643.0
9205.0
10523.0
10483.0
10293.0
10240.0
11471.0
10766.0
10449.0
10603.0
10636.0
10945.0
9203.0
10778.0
10079.0
11604.0
10824.0
11221.0
10759.0
11244.0
9848.0
10615.0
10774.0
10579.0
10858.0
