61.09165553443959
123.93241378513838
144.24038239546348
182.84802186610867
71.88346744014648
119.88536769645904
130.67341178846738
166.62180373739054
182.0603423911867
210.65497792881064
228.63479646943074
241.56254465983454
274.54004002499886
381.71913035077944
415.84126275578006
428.83396719622476
461.5511613343941
558.8029403021818
657.7136959937379
665.5766102745985
682.0929130072034
707.0967888508344
737.2519857131109
741.8069421437724
746.7415898064513
753.7013541552287
769.1993806660493
775.5019882458065
784.3305674171279
784.4670144562981
784.682804698327
813.0528012946189
842.3633620812225
931.0732217129947
936.9621197207126
939.9611028086118
943.8940932650124
949.9984514687934
955.780185694744
963.629169206683
967.2679778977915
970.6073216667958
980.1845872867635
984.275917706664
984.7725117617377
984.8713717967249
984.9505450783247
985.1833090721419
985.8722627856496
985.8722627856496
990.8881916210071
991.0586512617126
991.4028396563532
992.1023379616263
992.5257674600999
997.4311238855761
1011.2357201370673
1024.3691340494768
1040.6763986290155
1048.5559925817035
1048.5559925817035
1052.517160644746
1056.3981054766639
1067.8792673119374
1071.668804803863
1071.6713494231144
1071.6713494231144
1071.6884322633564
1071.6884322633564
1071.6884322633564
1071.6884322633564
1071.7035822821863
1071.7035822821863
1071.7035822821863
1071.7035822821863
1071.7035822821863
1071.7035822821863
1071.7035822821863
1071.7035822821863
1071.769617686419
1071.8398695423325
1071.8398695423325
1071.8398695423325
1071.8974759487362
1071.8974759487362
1072.0066965459914
1072.0066965459914
1072.0585639547712
1072.0585639547712
1072.0585639547712
1072.0585639547712
1072.0585639547712
1072.0585639547712
1072.1111463989007
1072.1111463989007
1072.1111463989007
1072.1111463989007
1072.1111463989007
1072.9896623773518
1079.0849279064
1076.1123498294874
1076.1123498294874
1076.1123498294874
1077.8148678442244
1079.2281607021228
1079.2535424599344
1083.273322981588
1082.844914328288
1092.832046347332
1084.7409051090144
1097.0227713759546
1087.0701834504484
1097.1126849312152
1088.370373923594
1094.5413784719417
1095.996747282257
1095.996747282257
1100.5295712863033
1088.74984940065
1090.53085374371
1093.4607652978905
1096.9570348560328
1108.3784516387586
1112.6394984556587
1095.8527861599966
1122.4241772045107
1127.6663441780552
1110.3341901609
1120.8551808333082
1099.1264647569897
1101.8156225474377
1108.8769965440315
1121.9224984219213
1100.4996058167178
1109.3267532113898
1113.1982476405199
1117.4869056177563
1104.825052208087
1097.7801315902348
1115.7993309358164
1125.730921669017
1109.6363017822941
1120.1126418998808
1122.4263185696498
1113.0455908589388
1120.986367400013
1127.5415693844054
1139.2566016171745
1115.55031217609
1137.9414429573087
1158.9133001894368
1204.7867701538933
1242.2570551142096
1260.762525533692
1297.4973804782535
1334.046545353091
1352.2802461835806
1352.3657049954652
1352.3657049954652
1352.3657049954652
1352.3657049954652
1352.3657049954652
1352.4187312319248
1352.4187312319248
1352.4187312319248
1352.4187312319248
1352.4187312319248
1352.4187312319248
1352.4187312319248
1352.4187312319248
1352.4187312319248
1352.4187312319248
1352.4187312319248
1352.4187312319248
1352.4187312319248
1352.4365404166267
1352.4365404166267
1352.4365404166267
1352.4365404166267
1352.4365404166267
1352.4365404166267
1352.4365404166267
1352.4365404166267
1367.582298010683
1367.582298010683
1367.582298010683
1367.582298010683
1367.582298010683
1367.582298010683
1382.725087776424
1397.4622128913074
1397.4914769832308
1397.5253053456588
1397.5253053456588
1397.5253053456588
1412.6892773811267
1412.6892773811267
1428.329019415662
1443.56702354873
1456.6670542912411
1487.262539322513
1503.6740356995604
1503.7955764911876
1503.7955764911876
1505.272995191507
1505.8179215389346
1506.9286666167322
1507.9998391106594
1508.2247326910433
1508.2247326910433
1508.5661773585239
1508.5661773585239
1508.5661773585239
1508.5661773585239
1509.2002142262484
1508.7911914888025
1508.5661773585239
50.10556393190302
63.06818300935149
77.1557331218086
79.13897433460843
135.54401070129794
189.96395155749198
224.9170575792523
349.4271615140405
