51.93022155761719
44.30387878417969
57.59893035888672
73.95823669433594
86.69005584716797
113.35174942016602
109.95531845092773
169.09246826171875
211.49466705322266
212.30118942260742
230.05856704711914
247.31057357788086
247.37602615356445
247.51834106445312
247.66118621826172
247.77242279052734
247.92086791992188
247.87732696533203
247.95019149780273
247.97565078735352
247.96757125854492
247.97194290161133
247.7802505493164
247.86560440063477
247.97264099121094
247.94681549072266
247.97083282470703
247.8714485168457
247.91828536987305
247.9228172302246
247.91532516479492
247.97222137451172
247.93816375732422
247.83568572998047
247.88936614990234
247.94711303710938
247.98937606811523
247.94193267822266
247.9404182434082
247.88212203979492
247.8885612487793
247.91294860839844
247.94480514526367
247.89630889892578
248.00812911987305
247.98015594482422
247.98152542114258
247.96690368652344
247.9899024963379
248.00975799560547
247.9937973022461
247.97239303588867
247.97111129760742
247.96105194091797
248.00128173828125
247.9604263305664
247.9824104309082
247.9314079284668
247.90441513061523
248.01639556884766
248.0394744873047
248.00505447387695
247.9501953125
248.04153060913086
247.9790267944336
247.99516677856445
247.98674774169922
247.96526336669922
248.0343894958496
248.01538467407227
247.98601150512695
247.99917221069336
247.95730209350586
248.02502822875977
247.99043655395508
248.00465393066406
247.99333953857422
247.95985412597656
248.0067901611328
247.91685104370117
248.0290184020996
248.03866577148438
248.01629638671875
247.96551513671875
248.04209518432617
247.95244979858398
247.99827575683594
247.90919876098633
247.92396545410156
247.9473419189453
247.83545303344727
248.01776504516602
248.00191497802734
247.9971046447754
247.94524383544922
247.98312377929688
248.02804565429688
248.0731964111328
247.9350814819336
247.9977264404297
247.9923973083496
247.99135208129883
248.03434371948242
248.00267791748047
248.01161193847656
248.00589752197266
248.04941177368164
248.00004196166992
248.03445053100586
248.02592849731445
248.01184463500977
248.077880859375
248.01137924194336
247.96345138549805
248.00324249267578
248.0171890258789
248.05689239501953
247.97982025146484
248.0352325439453
248.00800323486328
248.06278610229492
247.99961853027344
247.98488998413086
42.580406188964844
61.301231384277344
78.37055969238281
91.62371063232422
101.31192779541016
111.5008316040039
178.42681503295898
181.28135681152344
198.4228973388672
213.08303451538086
239.3289337158203
247.0074691772461
247.63140106201172
247.69534301757812
247.5989227294922
247.69807052612305
247.76357650756836
247.87857818603516
247.73330688476562
247.7308006286621
247.7652587890625
247.90252685546875
247.69980239868164
247.6848258972168
247.93292236328125
247.87597274780273
247.76964569091797
247.93981552124023
247.84442520141602
247.83884811401367
247.87842178344727
247.7801628112793
247.83654403686523
247.89943313598633
247.74504470825195
247.9160385131836
247.87566375732422
248.01922607421875
247.95084762573242
247.993896484375
248.04799270629883
247.93727111816406
247.83584213256836
247.94553756713867
247.94321060180664
247.97898483276367
247.95546340942383
247.9259376525879
247.91643142700195
247.97595977783203
247.93128967285156
247.9474754333496
247.89881896972656
247.94992065429688
247.63223266601562
247.7290382385254
247.9406852722168
247.91874313354492
247.9113006591797
247.9474868774414
247.8033447265625
247.8610610961914
247.88492965698242
247.88063049316406
247.90166091918945
247.96684646606445
247.97310638427734
247.87262344360352
247.90697860717773
248.00214767456055
247.90386199951172
247.90642929077148
247.95908737182617
247.94636154174805
247.90795516967773
247.92466354370117
247.97864532470703
247.9152603149414
247.87912368774414
247.71112823486328
247.8675422668457
248.04094314575195
44.676551818847656
77.74748992919922
88.33231353759766
115.79242324829102
145.85757064819336
153.65820693969727
155.0023307800293
153.00572204589844
165.71517181396484
170.1812400817871
171.99689865112305
172.7127342224121
166.96623992919922
179.2690773010254
186.33114624023438
201.09825134277344
209.00295639038086
246.45993041992188
228.75393676757812
221.11045837402344
247.0086212158203
244.21233749389648
254.3235092163086
273.5965461730957
264.6494903564453
277.870361328125
296.9934768676758
292.601131439209
383.56336212158203
434.58218002319336
462.8276481628418
572.5289945602417
497.90532970428467
547.0217056274414
557.7140083312988
552.7340755462646
567.6250152587891
622.5249786376953
577.7129831314087
567.8469219207764
612.4255790710449
633.5166394710541
622.7665662765503
653.4138600826263
662.4455740451813
687.7661941051483
677.7478761672974
793.3130366802216
845.206428527832
934.2359642982483
927.282769203186
833.4340393543243
953.5152587890625
862.6337556838989
917.1393990516663
1112.2144985198975
879.6917538642883
1043.0777044296265
754.3908891677856
892.0912759304047
777.4061939716339
798.315544128418
801.2311762571335
866.9030916690826
917.7527952194214
1037.6982765197754
1092.452953338623
978.4287567138672
865.015647649765
943.0945162773132
987.6113858222961
942.8916153907776
1087.6385011672974
973.7598733901978
1141.952724456787
1079.0075464248657
1083.7561693191528
1187.5321426391602
1197.6961059570312
1197.7207565307617
1197.8422088623047
1197.9162521362305
1197.8645706176758
1197.9890670776367
1197.8733673095703
1197.9883880615234
1197.8151092529297
1197.9838371276855
1108.9780960083008
1197.899787902832
1187.807186126709
1065.2473001480103
1197.8233184814453
1193.3347549438477
1197.9471015930176
1197.845932006836
1197.9210472106934
1197.9848518371582
1197.9818420410156
1167.7352676391602
1197.9140739440918
1197.9753684997559
1197.9721641540527
1197.9455261230469
1197.8747062683105
1156.4147853851318
1197.868724822998
1197.9597816467285
1198.005599975586
1197.790641784668
1197.9350395202637
1068.9756455421448
1132.9982719421387
1146.8677101135254
1142.496989250183
1172.683271408081
1197.8863945007324
1197.9795532226562
1197.9548835754395
1197.9515953063965
1197.8847961425781
1197.9076309204102
1197.9043731689453
1197.8033485412598
1197.928970336914
1197.8916130065918
1197.9621315002441
1198.015235900879
1198.0438346862793
1198.01025390625
1197.9318809509277
1197.828929901123
1197.7912063598633
1197.923095703125
1198.0091438293457
1197.9165687561035
1197.9558029174805
1197.958122253418
1197.956829071045
1197.8681526184082
1197.9893074035645
1197.967041015625
1197.8889923095703
1197.9239234924316
1198.002239227295
1197.9303169250488
1197.9239807128906
1197.9663047790527
1198.011142730713
1197.9218406677246
1198.051326751709
1197.949462890625
1198.003475189209
1197.975944519043
1197.943359375
1197.972011566162
1197.987548828125
1198.0003204345703
1197.9611434936523
1197.944435119629
1197.90771484375
1197.9805335998535
1198.024341583252
1197.9173202514648
1197.9041786193848
1197.9228286743164
1197.9121475219727
1197.96480178833
1197.961841583252
1197.9564514160156
1197.9702758789062
1198.010627746582
1197.9556846618652
1193.3930854797363
1197.7105674743652
1098.7662935256958
1197.8273468017578
1197.850917816162
1188.1265869140625
1198.0599746704102
1197.9817581176758
1197.9058723449707
1197.7455863952637
1197.8558158874512
1197.996524810791
1197.9809494018555
1197.907886505127
1197.921241760254
1197.8929061889648
1197.990566253662
1197.9488677978516
1197.8730278015137
1197.9637260437012
1197.9905853271484
1198.0198211669922
1197.9924964904785
1198.0402450561523
1198.0092544555664
1198.0003471374512
1198.0316200256348
1197.9683532714844
1198.0566596984863
1198.0192337036133
1104.8678178787231
