48.10275465911213
68.86178739218946
102.5348460220017
143.1044937347705
173.69032843839688
197.1844772572561
236.9648851877639
271.86340046943235
307.906799439121
341.56957812708856
390.82338303776567
427.1471024401534
423.857022387462
453.63915184147845
464.5905428913734
373.527291289624
463.94009122973864
465.831956026089
467.975192573291
470.82405867393624
472.22825167160966
473.238716128647
476.38836964396205
476.12422347002337
488.93736584348216
487.72514432386293
498.8487826798889
502.9776425827938
508.4132785637449
512.7740977325454
527.968036460058
523.3780061440203
598.3095626662454
657.6991538210735
658.5744785381951
673.8596446784617
696.307362407872
763.1103530473456
781.4601301052489
846.2577528951247
850.061355991085
869.5126788133521
984.0867722200505
1162.1981589322606
1134.8974161703056
1254.187934942751
846.7649909105394
1351.1944899613125
1367.3606136962835
1324.8767921185608
1364.8983620265037
1379.727352872137
1384.1799901292518
1390.4969024884588
872.74027614794
1353.1124397749145
892.8269883903286
1434.5916561110125
1456.8429598452624
1468.7502538780425
1472.6213671595763
1477.2225874394505
1484.57125261805
1488.9368690245412
1493.1822872576258
1500.3856396523868
1510.9083347649487
1529.822175355737
1534.4299253260442
1534.6016910422688
1536.9544568209083
1548.6515058292002
1548.6511708104917
1563.4393403451447
1570.4412158119137
1584.2611786993043
1590.953700897644
1607.346255143982
1623.4134867492076
1629.7257680659854
1667.8709057879353
1679.2020432986437
1687.8856658576392
1697.7246314510637
1705.4166607016505
1706.1094389455407
1661.6207470513393
1705.0003510749661
1716.2110819075249
1718.6941974879032
1731.1114133139906
1788.2945118162309
1775.2960030521313
1787.54219306636
1784.7389250990739
2050.0962446193853
2050.0621832817233
2050.139426974112
2050.170617452915
1889.4367717857067
2050.1858090515225
2050.2148198353825
2023.9323833091594
1918.674609827358
2050.2091994064317
2050.1679230404106
2050.185314423197
1890.6883706856609
2062.8756967910263
2050.368398728223
2050.393231102229
2050.3574900045955
2050.5132409182806
2063.742968646178
2064.0115158577605
1927.0495136758982
2076.676847463653
2064.5520918760885
2051.537356376016
2064.1908965105576
2106.1918787082673
1931.8038587516887
1864.5296635163388
1856.1392963221633
1962.3004862806176
2235.6783741285753
1882.1507007548169
1894.197185737682
1914.4944728279677
1926.3159662015523
2293.2526809948017
2315.80386625217
1924.3707905646625
1936.8096544689836
2353.4297682116053
2067.1908318094693
2386.1701774337307
2447.4626311459465
2444.2864806965113
2416.4716609336297
2326.758035567451
2446.782435268359
2446.7756992265536
2417.0696492936772
2476.268119625064
1843.093334720213
1854.9418351936436
1864.971580821606
2269.2705312111993
1869.472336800265
2323.1818498198045
2386.6672505452443
2356.483431192689
2446.478466055367
1869.1633135258023
2506.6341008081495
2506.5061554991685
2506.6791899040345
2566.9086327618716
1896.3335730818299
1916.1632449203044
1910.1546117572432
2347.017116783726
2413.905183217051
2476.648130091596
2627.1138471023905
2627.3358582657565
2627.589911446089
2628.1588176732694
2639.1527664551804
2630.17472914369
2632.3719061717347
2630.733040458431
2628.605161485518
2615.8302311305224
2616.5133546731026
2617.2265304918596
2617.8471171546657
2618.125394573542
2618.906167277262
2618.778465570547
2619.1845924409977
2618.562303094257
2618.6550390128627
2620.4784638250912
2632.156719069728
2621.552226083794
2621.848742387241
2636.7345032403546
2648.0272690417864
