1434.329617460569
2070.8253490924835
2296.4139247735343
2396.2154518763227
2602.9955097834268
3113.651550968488
3603.502344171206
3651.2274494965873
3710.5386481285095
3737.2956181367235
3797.5002378622685
3806.4748357931776
3838.641399542491
3888.9248350461326
3984.692272186279
3958.6161447763443
4087.321607788404
4119.285462538402
4159.902045329412
4184.96501060327
4204.525287667911
4174.900562286377
4184.516531705856
4243.870480219523
4233.3437936306
4331.260569413504
4344.046701312065
4322.062315702438
4268.621053139368
4348.0
4397.43622549375
4352.917203982671
4311.836762547493
4317.175903717676
4331.872477849324
4401.2539319992065
4483.309548179308
4409.209192991257
4464.689588149388
4530.9671917756405
4453.8689356644945
4474.379794597626
4564.694447716077
4617.162838896115
4493.433821042379
4560.990425507227
4545.055501858393
4540.587796926498
4563.447677254677
4467.875823775927
4517.543824831645
4581.5421043634415
4557.6599031289425
4555.335685968399
4567.021388371786
4571.825213313104
4565.712273200353
4593.45615696907
4643.717051625252
4648.335119287173
4700.098770658175
4703.22356637319
4663.289919892946
4673.397522131602
4620.904749035835
4709.637721101442
4662.133026917775
4670.379499355952
4578.363863348961
4558.915652275085
4602.759744207065
4606.2090876499815
4649.0
4736.385339538256
4684.415230790774
4679.767674287161
4757.243398308754
4790.806372483571
4660.802901705107
4704.334353486696
4684.767024040222
4750.670014619827
4846.598055799802
4753.329771876334
4783.433261831601
4894.960633436839
4788.466431220372
4907.529424667358
4917.447962562243
4929.695477644602
4836.0070281426115
4874.106631358465
4816.287573893866
4956.8497809569035
4918.123755137126
4856.214737812677
4835.443716088931
4803.304646531741
4839.306053598722
