11.0
40.0
87.0
323.0
4.0
4.0
142.0
160.0
217.0
286.0
368.0
486.0
786.0
967.0
1454.0
1483.0
1547.0
1627.0
1604.0
1891.0
1998.0
2015.0
2060.0
2105.0
2193.0
2277.0
2365.0
2659.0
2837.0
2924.0
2961.0
3035.0
3042.0
3213.0
3304.0
3490.0
4089.0
4894.0
5044.0
5279.0
5503.0
5862.0
6180.0
6310.0
6459.0
6617.0
6633.0
6653.0
6725.0
6747.0
6834.0
6834.0
6966.0
7029.0
7146.0
7277.0
7277.0
7283.0
7301.0
7333.0
7334.0
7343.0
7360.0
7377.0
7389.0
7408.0
7478.0
7478.0
10163.0
9113.0
9450.0
9450.0
9450.0
9649.0
9887.0
10267.0
10673.0
10862.0
11221.0
11437.0
11512.0
11519.0
11568.0
11597.0
11643.0
11680.0
11696.0
11726.0
11726.0
11764.0
11794.0
11815.0
11828.0
11853.0
11901.0
11921.0
11925.0
11937.0
11951.0
11967.0
