1316.4839808543525
2095.6485173304877
2129.230546315511
2167.476501663526
2180.7971604665117
2197.6089386940002
2422.656022508939
2441.2687470912933
2444.3687622944512
2581.4271583557133
2895.9889261722565
3393.1767196257906
3548.4584389130273
3589.9487821658454
3588.2958277861276
3608.3227320512133
3609.135334014892
3764.217337767283
3852.1022657553353
3822.5556547641754
4158.565264622371
4201.787654876709
4161.105105638504
4169.688242395719
4343.18088165919
4313.93748084704
4385.884561220805
4305.884645104408
4184.417897542318
4197.340202490488
4316.032851576805
4775.163142720859
5036.206535975139
5085.512791911762
5585.578019340833
5699.2773381869
5657.742565393448
5771.022663195928
5781.313891212146
5807.213973402978
5863.004744251568
5846.2271301349
5837.833761572838
5827.02021920681
5930.216444532077
5987.2706825733185
5879.028823653857
6026.833302815755
6004.834131836891
6110.827168742815
6015.020094156264
5959.718279441197
5974.146681348483
6048.990791122119
5957.488614161809
6116.940204699835
6008.63481370608
6028.161792715391
6056.171574950218
5992.62036450704
5954.414777199428
6024.663006901741
5969.274869084359
5960.981009443601
6067.494630297025
6063.753117163976
5978.583155393601
5960.220703085264
5944.855339924494
5968.095948378245
6090.808454990387
6172.602664073308
6097.491883357366
6122.173579295477
6155.573892275493
6087.6436141332
6169.407896677653
6136.8636932770405
6193.240947683652
6240.522408723831
6274.210976600647
6139.044350703557
6164.66972986857
6138.1336638132725
6088.290679256122
6138.927794257799
6108.503295183182
6164.438177506128
6151.534318288167
6163.40260831515
6156.049590508143
6174.720010081927
6166.576953927676
6163.482977112134
6179.671971718471
6160.8056210279465
6101.6197320222855
6075.754751761755
6086.587615966798
6082.554263194402
5998.304898103079
6132.540584723156
6099.796314994494
6152.561460534731
6136.396514455478
6208.789190014203
6148.981050093969
6066.507391571998
6070.719336628913
6160.3857199351
6114.586309909821
6135.537069876989
6157.277677456538
6097.458176414172
6050.378509521484
6195.686196565628
6030.4484620889025
6134.532669385275
6067.478254914284
6040.094465176264
6051.438346862794
6048.730423212051
6054.69027988116
6050.519478201866
6027.290182034175
6173.115388989448
6129.577300826709
6158.224918762843
6180.752817312876
6202.445382157961
6096.363878091177
6072.377178788185
6027.954724550247
6135.281042337418
6128.104477643967
6146.286185026169
6194.678611199061
6202.015930652618
6068.938166220983
6102.713637471199
6114.331446528435
6115.367998917897
6083.606190244356
6058.225400209427
6073.026721596718
6148.975883801778
6178.676466345787
6119.939782301585
6114.6261236270275
